NAME : random113.837.tour
COMMENT : Length = 837
COMMENT : Found by LKH [Keld Helsgaun] Sat Nov 23 17:21:41 2024
TYPE : TOUR
DIMENSION : 113
TOUR_SECTION
1
83
77
58
73
88
42
28
11
63
54
43
34
22
60
56
99
13
110
46
72
20
104
29
108
52
96
3
98
23
32
35
36
8
81
85
74
90
21
92
67
80
107
75
97
87
57
31
95
62
84
101
100
103
51
25
38
7
30
55
69
89
64
113
33
68
45
6
102
26
37
5
65
47
78
112
71
12
61
27
49
94
2
4
10
109
24
70
93
111
40
86
59
53
79
14
76
91
44
19
17
18
82
16
50
41
48
9
39
15
66
105
106
-1
EOF
