NAME : random198.1076.tour
COMMENT : Length = 1076
COMMENT : Found by LKH [Keld Helsgaun] Sat Nov 23 22:04:18 2024
TYPE : TOUR
DIMENSION : 198
TOUR_SECTION
1
66
35
107
137
32
186
177
184
26
125
142
188
175
24
170
20
197
189
159
182
65
173
180
192
93
196
39
143
122
133
117
115
191
58
105
17
145
187
112
82
60
121
38
78
120
135
146
190
73
96
11
31
9
148
114
27
10
2
185
33
158
87
194
128
176
22
132
50
56
94
81
100
84
16
95
6
101
47
163
51
71
165
104
75
181
108
61
154
23
40
21
102
97
30
198
7
110
12
118
55
8
37
86
161
25
63
136
42
85
167
68
160
45
62
54
57
99
44
36
79
172
74
18
76
69
129
91
34
80
152
169
164
195
48
103
144
174
124
98
150
89
67
179
5
19
127
83
109
116
3
171
126
178
28
119
156
130
155
49
149
131
147
151
77
90
168
106
123
52
92
53
70
41
166
43
140
4
88
64
157
162
141
139
59
72
13
14
111
15
183
46
153
113
193
134
29
138
-1
EOF
