NAME : random141.927.tour
COMMENT : Length = 927
COMMENT : Found by LKH [Keld Helsgaun] Sat Nov 23 21:53:52 2024
TYPE : TOUR
DIMENSION : 141
TOUR_SECTION
1
29
99
111
61
30
34
108
7
17
5
68
137
67
112
133
74
41
129
60
98
3
92
10
85
37
19
66
114
70
72
35
102
128
56
55
77
42
46
81
39
121
14
131
90
136
135
38
79
125
45
58
18
116
96
2
6
40
107
104
123
31
134
22
103
23
26
139
8
20
52
57
126
25
44
9
141
119
117
13
59
24
48
32
71
49
43
75
64
101
88
86
124
27
110
4
122
12
54
94
11
95
80
50
47
115
28
51
100
109
130
138
33
78
53
120
69
118
105
93
106
132
15
16
76
87
83
127
113
63
36
65
97
91
89
140
84
21
62
82
73
-1
EOF
