NAME : random122.869.tour
COMMENT : Length = 869
COMMENT : Found by LKH [Keld Helsgaun] Sat Nov 23 21:51:04 2024
TYPE : TOUR
DIMENSION : 122
TOUR_SECTION
1
5
109
3
84
22
96
44
6
54
113
67
59
57
89
80
82
112
9
4
56
69
120
28
115
38
98
102
55
41
13
49
77
74
46
35
95
50
24
99
86
92
79
19
21
68
65
106
39
70
72
11
66
114
121
110
48
103
85
76
94
61
117
119
71
81
29
52
88
25
23
33
18
83
40
12
53
26
10
63
97
58
27
45
75
60
17
14
118
104
32
47
107
105
73
87
7
30
116
15
8
90
31
20
16
62
51
91
43
64
100
37
108
42
101
36
78
34
2
93
122
111
-1
EOF
