NAME : random168.994.tour
COMMENT : Length = 994
COMMENT : Found by LKH [Keld Helsgaun] Sun Jun 16 18:19:27 2024
TYPE : TOUR
DIMENSION : 168
TOUR_SECTION
1
120
167
20
92
8
142
95
46
19
87
100
43
16
113
12
82
35
78
161
147
70
17
24
31
61
72
150
36
112
104
58
151
128
80
68
129
156
15
74
137
136
14
67
126
141
157
98
13
108
52
88
39
153
57
116
60
127
111
122
143
10
27
54
4
33
106
76
40
97
158
99
124
47
168
139
83
131
64
90
3
25
152
149
93
81
86
62
9
5
107
56
132
6
154
121
148
118
32
102
63
38
145
45
49
162
7
21
29
110
123
22
164
125
96
146
23
114
79
165
71
41
66
55
30
94
130
42
69
77
50
59
51
166
28
85
138
159
48
155
53
140
119
133
89
26
65
163
144
44
34
18
37
135
109
117
101
115
160
2
91
11
84
73
103
75
105
134
-1
EOF
