NAME : random140.888.tour
COMMENT : Length = 888
COMMENT : Found by LKH [Keld Helsgaun] Sun Jun 16 18:11:25 2024
TYPE : TOUR
DIMENSION : 140
TOUR_SECTION
1
17
50
97
73
59
39
86
106
124
43
88
68
30
14
7
105
77
70
69
42
74
94
2
3
116
25
20
109
45
24
4
89
100
139
76
37
107
135
53
57
93
126
65
35
16
63
33
134
85
38
72
44
80
21
27
133
48
56
136
5
99
61
8
58
67
122
10
66
104
127
36
111
87
114
13
22
113
15
23
64
121
95
98
137
49
103
83
75
118
81
91
51
138
31
78
132
11
26
131
47
54
18
41
90
84
19
82
55
92
120
96
79
110
128
40
125
28
6
119
102
62
108
9
130
101
123
46
117
34
60
115
71
12
32
129
112
29
52
140
-1
EOF
