NAME : random200.1053.tour
COMMENT : Length = 1053
COMMENT : Found by LKH [Keld Helsgaun] Sun Jun 16 18:31:29 2024
TYPE : TOUR
DIMENSION : 200
TOUR_SECTION
1
19
24
7
56
50
71
73
67
162
40
72
57
128
148
16
168
61
84
42
26
183
6
144
33
118
110
85
117
170
143
83
194
12
88
11
52
48
127
149
111
115
44
181
87
121
65
95
124
130
198
5
140
34
79
100
171
43
82
196
54
10
39
145
97
53
18
78
160
69
146
177
150
25
101
197
114
32
120
36
4
169
151
35
153
13
156
14
142
137
154
38
187
147
41
107
31
158
167
159
138
22
28
75
174
66
2
190
91
17
58
178
193
191
185
192
166
180
99
68
125
173
70
45
103
122
80
199
104
60
161
89
77
176
30
139
135
116
131
123
51
63
134
21
46
195
152
29
132
165
200
92
106
186
90
184
108
55
27
64
47
133
112
37
179
81
109
93
102
136
96
155
94
126
76
15
49
105
119
3
74
157
189
163
172
129
20
175
86
9
141
188
62
23
8
59
98
164
113
182
-1
EOF
