NAME : random142.909.tour
COMMENT : Length = 909
COMMENT : Found by LKH [Keld Helsgaun] Sun Jun 16 18:11:52 2024
TYPE : TOUR
DIMENSION : 142
TOUR_SECTION
1
50
94
41
22
93
35
67
20
99
25
4
120
95
131
132
42
63
136
122
6
70
47
138
79
44
97
39
123
125
61
112
81
3
101
76
129
12
23
54
52
24
133
87
73
128
7
107
84
65
106
69
124
91
29
105
140
57
31
58
134
56
48
9
64
72
90
108
26
53
15
49
121
113
34
102
33
66
38
27
126
37
51
104
115
103
18
88
74
137
77
116
100
71
46
21
43
28
118
40
62
80
127
111
5
32
114
135
83
85
60
30
110
8
2
11
130
82
14
98
139
19
10
75
89
142
78
55
117
45
109
86
68
92
119
13
16
17
36
59
96
141
-1
EOF
