NAME : random139.893.tour
COMMENT : Length = 893
COMMENT : Found by LKH [Keld Helsgaun] Mon Dec 30 22:01:52 2024
TYPE : TOUR
DIMENSION : 139
TOUR_SECTION
1
116
13
23
27
109
83
87
72
80
55
51
50
76
67
2
25
93
48
42
36
52
85
45
88
75
40
131
19
70
44
28
69
73
68
102
11
32
20
18
108
77
127
137
81
95
96
49
132
105
15
7
37
139
74
60
14
65
4
138
39
94
117
62
3
5
30
133
122
90
61
38
8
24
111
98
34
6
113
136
79
84
118
126
35
29
120
58
115
9
101
125
71
129
59
104
21
57
16
53
135
82
89
64
112
106
134
86
26
10
12
31
110
97
100
130
123
92
66
22
33
99
103
41
124
121
47
107
46
128
43
17
91
56
114
54
63
78
119
-1
EOF
