NAME : random148.957.tour
COMMENT : Length = 957
COMMENT : Found by LKH [Keld Helsgaun] Mon Dec 30 22:03:13 2024
TYPE : TOUR
DIMENSION : 148
TOUR_SECTION
1
88
96
21
20
118
110
27
57
8
31
78
11
93
52
127
60
126
124
14
9
43
80
37
63
143
121
83
55
39
137
50
2
72
104
81
116
33
10
112
132
86
125
73
45
146
28
26
85
128
51
70
15
69
56
101
74
65
34
67
123
29
36
147
4
100
129
95
44
59
106
130
105
54
138
19
102
32
120
97
98
89
131
64
38
141
111
135
66
94
5
53
87
47
117
144
35
30
68
76
145
17
18
12
40
24
133
58
48
79
91
119
13
140
3
113
148
75
49
6
41
103
108
114
122
142
109
22
107
23
71
139
25
46
92
115
16
82
99
84
61
134
42
7
77
62
90
136
-1
EOF
