NAME : random123.876.tour
COMMENT : Length = 876
COMMENT : Found by LKH [Keld Helsgaun] Mon Dec 30 21:58:45 2024
TYPE : TOUR
DIMENSION : 123
TOUR_SECTION
1
13
3
80
42
5
18
69
14
28
77
50
56
45
22
90
108
17
114
70
10
59
27
31
12
85
103
106
54
30
65
55
122
20
72
95
4
87
43
63
46
102
79
75
11
67
83
37
32
48
120
25
51
29
97
58
62
64
2
35
15
53
41
6
47
8
73
81
107
93
19
24
111
84
119
112
60
36
26
57
92
117
76
96
40
104
99
98
38
94
121
123
16
49
109
71
89
52
9
116
115
44
7
100
101
82
91
39
21
78
105
74
86
33
118
68
113
88
61
23
110
66
34
-1
EOF
