NAME : random131.905.tour
COMMENT : Length = 905
COMMENT : Found by LKH [Keld Helsgaun] Mon Dec 30 22:00:02 2024
TYPE : TOUR
DIMENSION : 131
TOUR_SECTION
1
14
38
24
109
30
95
68
114
59
51
17
67
34
121
101
106
118
52
87
45
25
56
11
84
58
93
48
81
19
3
9
96
88
16
15
94
126
8
21
44
63
13
73
115
7
90
129
78
53
33
128
99
112
98
130
102
75
32
4
60
66
123
47
125
122
42
27
74
127
80
62
28
131
18
41
55
6
46
82
77
113
12
100
105
70
26
69
50
119
64
92
54
35
22
79
20
2
40
31
91
57
39
97
120
36
10
65
117
37
86
89
116
76
72
103
49
104
43
71
124
110
108
5
111
29
85
61
107
23
83
-1
EOF
