NAME : random138.864.tour
COMMENT : Length = 864
COMMENT : Found by LKH [Keld Helsgaun] Mon Dec 30 22:01:28 2024
TYPE : TOUR
DIMENSION : 138
TOUR_SECTION
1
74
71
27
136
115
84
92
43
28
77
9
25
59
82
80
125
101
5
113
133
114
42
53
103
111
7
3
50
30
106
78
112
54
110
45
65
75
121
58
6
83
4
102
119
138
8
52
123
63
13
76
32
118
14
12
104
21
55
88
124
19
91
37
34
94
39
16
126
56
64
87
137
122
61
131
70
11
107
116
72
134
2
132
22
128
86
35
24
41
44
89
93
97
135
117
60
47
33
127
23
49
130
17
109
57
129
20
29
90
69
85
66
99
46
79
73
38
18
96
68
105
95
67
51
62
98
26
100
81
40
10
48
36
15
31
120
108
-1
EOF
