NAME : random126.863.tour
COMMENT : Length = 863
COMMENT : Found by LKH [Keld Helsgaun] Mon Dec 30 21:59:02 2024
TYPE : TOUR
DIMENSION : 126
TOUR_SECTION
1
2
8
23
92
62
19
68
95
88
21
115
41
98
110
100
42
51
34
52
122
25
104
27
73
96
38
74
24
9
111
5
102
58
29
99
45
26
109
36
47
121
91
14
17
49
81
90
97
61
75
107
4
46
79
118
84
57
126
20
33
54
117
72
50
18
66
119
35
94
106
44
112
3
11
71
55
31
28
123
85
83
6
114
124
101
103
78
37
43
15
12
105
108
87
13
16
64
53
86
40
76
10
77
7
56
120
116
22
113
59
63
93
89
82
125
80
60
32
67
70
69
65
39
48
30
-1
EOF
