NAME : random155.968.tour
COMMENT : Length = 968
COMMENT : Found by LKH [Keld Helsgaun] Mon Dec 30 22:03:30 2024
TYPE : TOUR
DIMENSION : 155
TOUR_SECTION
1
16
77
38
151
79
78
115
124
141
82
140
139
94
64
117
71
76
5
61
62
49
101
70
44
91
18
53
2
89
36
31
95
137
133
92
4
25
58
32
15
103
102
90
98
46
28
27
29
80
13
33
12
67
144
138
11
72
19
142
3
69
148
146
86
26
107
154
108
35
74
127
41
143
57
6
43
10
9
119
105
8
135
131
100
136
30
54
122
84
123
85
34
126
21
52
147
65
56
114
153
97
48
20
110
128
150
23
88
81
51
24
116
120
111
14
125
104
155
55
149
134
75
50
68
145
22
152
106
130
83
45
66
40
42
37
17
113
121
93
132
112
87
99
73
63
59
47
39
118
7
129
109
96
60
-1
EOF
