NAME : random136.933.tour
COMMENT : Length = 933
COMMENT : Found by LKH [Keld Helsgaun] Mon Dec 30 22:01:10 2024
TYPE : TOUR
DIMENSION : 136
TOUR_SECTION
1
2
111
70
77
24
35
87
4
101
22
39
61
6
117
123
93
120
3
107
81
83
55
60
100
50
126
68
49
25
46
131
96
7
52
13
108
63
112
115
45
14
66
15
88
128
133
41
21
16
103
125
73
136
20
105
44
42
109
82
67
30
119
54
48
75
51
58
33
26
64
102
71
59
40
34
106
72
116
17
78
65
91
53
32
121
130
38
132
134
127
104
19
122
114
90
94
76
47
86
129
135
23
97
18
84
43
69
95
99
98
56
74
113
5
79
10
118
9
57
27
29
8
92
62
11
28
89
85
36
80
124
37
12
31
110
-1
EOF
