NAME : random112.837.tour
COMMENT : Length = 837
COMMENT : Found by LKH [Keld Helsgaun] Mon Dec 30 21:57:34 2024
TYPE : TOUR
DIMENSION : 112
TOUR_SECTION
1
55
106
105
11
18
52
104
86
23
107
84
69
89
102
81
38
22
36
64
7
108
48
50
54
35
72
13
109
67
14
45
61
111
73
32
39
47
40
42
34
8
87
74
24
59
112
25
51
16
80
28
66
77
68
100
2
49
60
30
58
10
17
56
79
44
101
110
85
78
96
5
57
19
92
31
15
3
75
98
29
99
9
88
94
70
76
71
27
93
37
95
6
46
4
62
20
91
63
21
43
12
103
41
26
65
83
33
97
53
82
90
-1
EOF
