NAME : random176.1026.tour
COMMENT : Length = 1026
COMMENT : Found by LKH [Keld Helsgaun] Mon Dec 30 22:08:57 2024
TYPE : TOUR
DIMENSION : 176
TOUR_SECTION
1
5
151
85
26
120
49
100
123
137
73
143
167
61
33
148
145
121
101
161
175
89
90
113
29
133
66
22
142
78
12
132
70
14
94
170
128
93
122
108
30
52
114
68
15
104
98
164
42
6
45
80
138
39
34
54
19
160
13
2
86
51
57
41
163
153
21
27
4
24
62
150
40
91
172
44
17
127
96
76
103
20
158
173
135
157
72
84
88
162
125
147
119
28
3
109
10
64
48
176
82
124
174
171
69
117
31
16
71
58
149
166
134
156
99
38
67
136
74
115
92
83
32
159
105
56
9
106
130
95
63
59
107
79
102
75
77
47
53
111
131
97
146
116
165
144
37
112
46
60
140
110
139
55
25
50
36
154
43
23
81
65
126
169
168
87
11
152
18
118
7
35
141
129
8
155
-1
EOF
