NAME : random162.992.tour
COMMENT : Length = 992
COMMENT : Found by LKH [Keld Helsgaun] Mon Dec 30 22:04:22 2024
TYPE : TOUR
DIMENSION : 162
TOUR_SECTION
1
69
24
115
105
66
76
97
142
155
114
70
10
74
152
147
32
94
137
38
72
6
65
113
45
138
134
118
112
68
158
154
3
129
46
99
53
67
80
43
7
2
22
88
59
36
144
84
135
125
15
61
77
98
55
63
131
100
42
160
127
145
17
139
87
14
34
159
35
79
157
150
107
161
4
124
57
62
110
153
162
49
90
82
103
148
41
13
119
75
44
11
89
116
95
54
25
58
132
133
47
96
28
40
19
91
149
92
128
102
29
20
60
37
140
83
51
106
117
30
23
78
73
136
64
93
26
50
101
85
143
146
9
81
56
86
16
18
108
71
5
109
8
120
48
104
31
111
123
21
52
156
141
27
122
130
33
39
126
121
12
151
-1
EOF
