NAME : random178.1021.tour
COMMENT : Length = 1021
COMMENT : Found by LKH [Keld Helsgaun] Thu Sep 26 21:42:14 2024
TYPE : TOUR
DIMENSION : 178
TOUR_SECTION
1
37
24
177
49
146
31
79
26
9
134
100
5
43
54
169
124
96
71
44
138
67
21
55
92
98
120
160
133
25
145
166
22
85
165
29
143
111
99
87
2
60
56
170
103
20
157
135
130
61
36
51
11
3
52
84
73
4
93
18
114
101
59
137
140
131
164
45
174
77
129
66
122
32
27
176
121
70
81
112
104
152
23
13
90
57
15
119
175
95
156
16
74
41
6
123
69
94
118
82
158
39
34
42
147
107
7
144
46
178
108
161
171
102
63
35
106
142
132
88
65
75
89
105
14
64
116
19
83
148
62
115
50
168
136
117
113
151
139
48
163
127
126
141
38
149
86
76
78
17
128
33
109
159
80
91
53
58
47
110
10
8
150
12
72
97
40
28
173
154
172
125
30
153
167
68
162
155
-1
EOF
