NAME : random127.825.tour
COMMENT : Length = 825
COMMENT : Found by LKH [Keld Helsgaun] Thu Sep 26 21:27:54 2024
TYPE : TOUR
DIMENSION : 127
TOUR_SECTION
1
3
8
41
54
51
13
107
56
60
19
109
103
43
101
5
42
64
48
117
125
15
122
18
105
67
6
77
25
108
102
74
75
71
59
69
127
81
16
111
62
36
24
39
55
38
53
45
120
47
88
57
86
96
78
116
63
66
73
9
22
115
11
80
104
68
83
94
106
119
61
58
82
89
100
126
10
26
2
118
70
31
97
110
76
124
113
4
28
29
37
98
46
17
95
52
92
87
44
65
121
35
30
93
40
50
49
32
33
72
20
114
7
12
79
91
99
85
84
23
123
14
34
112
27
90
21
-1
EOF
