NAME : random118.828.tour
COMMENT : Length = 828
COMMENT : Found by LKH [Keld Helsgaun] Thu Sep 26 21:26:18 2024
TYPE : TOUR
DIMENSION : 118
TOUR_SECTION
1
22
89
29
5
65
3
48
8
105
109
53
83
82
64
50
7
58
51
32
102
67
10
57
68
6
101
66
39
111
95
34
117
118
2
93
31
85
59
35
81
47
43
55
19
110
13
27
112
80
103
78
91
92
71
75
4
69
100
46
61
108
63
52
15
104
73
41
106
18
37
107
72
94
74
56
88
98
21
30
11
54
28
45
87
116
44
90
70
25
33
77
42
76
86
24
115
99
12
17
38
49
26
79
97
14
96
114
40
36
20
84
113
23
60
16
9
62
-1
EOF
