NAME : gaussian_missing_edges_with_de_seg1_seg2_seg3_random187.7848.tour
COMMENT : Length = 7848
COMMENT : Found by LKH [Keld Helsgaun] Fri Jul 12 16:56:11 2024
TYPE : TOUR
DIMENSION : 187
TOUR_SECTION
1
3
98
160
134
36
33
158
99
2
173
9
105
92
114
39
123
162
75
20
12
115
8
57
47
132
48
60
34
13
43
156
101
112
7
159
63
68
187
4
143
15
102
80
174
53
171
117
170
65
182
61
153
73
56
164
45
28
62
71
127
144
145
106
52
100
88
155
167
37
181
67
42
21
41
44
11
72
119
30
94
133
97
66
25
128
118
175
96
169
83
165
180
179
116
31
103
172
50
157
129
87
26
79
24
142
154
111
130
77
91
135
163
49
148
141
16
149
168
139
54
93
17
166
104
147
107
35
185
5
113
186
121
29
22
23
14
76
51
161
152
86
19
55
131
183
78
64
146
109
46
151
32
18
126
59
70
176
69
38
74
89
85
110
58
95
184
124
137
84
122
10
27
177
90
136
140
81
178
150
120
6
108
40
125
138
82
-1
EOF
