NAME : gaussian_missing_edges_with_de_seg1_seg2_seg3_random170.6910.tour
COMMENT : Length = 6910
COMMENT : Found by LKH [Keld Helsgaun] Fri Jul 12 16:51:25 2024
TYPE : TOUR
DIMENSION : 170
TOUR_SECTION
1
79
90
125
20
107
70
6
159
154
32
160
8
89
129
10
163
170
13
16
101
112
100
2
94
143
28
118
130
113
78
21
35
116
72
165
93
47
64
123
73
153
31
103
57
7
95
152
110
83
55
65
115
85
48
114
135
54
167
5
52
138
124
24
4
91
161
45
71
51
157
144
155
40
29
137
60
37
148
49
81
38
84
23
67
141
105
169
56
9
104
121
158
75
128
41
97
156
18
162
43
119
120
142
22
42
86
132
168
147
145
96
76
109
66
99
88
46
146
102
151
50
108
25
149
19
44
36
59
122
126
166
150
77
92
11
33
164
27
111
133
63
80
106
34
134
58
87
39
3
12
139
17
69
140
26
62
127
61
117
98
30
14
68
74
15
131
53
82
136
-1
EOF
