NAME : gaussian_missing_edges_with_de_seg1_seg2_seg3_random176.10202.tour
COMMENT : Length = 10202
COMMENT : Found by LKH [Keld Helsgaun] Fri Jul 12 16:53:26 2024
TYPE : TOUR
DIMENSION : 176
TOUR_SECTION
1
92
22
11
24
153
174
140
26
32
129
142
122
36
116
147
165
73
173
15
155
111
79
48
12
54
110
25
66
163
93
136
154
61
77
5
91
106
145
161
160
109
150
65
37
127
56
102
34
132
107
86
157
49
6
17
20
114
175
121
50
164
52
84
29
170
128
120
21
70
118
43
99
31
101
139
13
143
113
75
42
39
138
151
152
168
131
28
176
119
40
146
80
167
85
71
149
169
2
10
171
166
100
117
87
30
126
19
3
59
112
88
81
4
62
60
33
159
130
83
97
134
14
45
144
27
44
68
16
123
172
55
78
23
104
18
103
148
35
133
67
58
9
69
158
82
95
8
162
51
76
125
74
137
64
41
46
72
7
141
135
38
115
96
90
89
124
105
98
57
53
47
63
156
108
94
-1
EOF
