NAME : gaussian_missing_edges_with_de_seg1_seg2_seg3_random112.6332.tour
COMMENT : Length = 6332
COMMENT : Found by LKH [Keld Helsgaun] Fri Jul 12 16:39:32 2024
TYPE : TOUR
DIMENSION : 112
TOUR_SECTION
1
6
55
34
96
50
19
62
39
47
22
94
31
51
71
33
68
13
23
70
20
42
112
37
98
89
76
12
9
10
54
2
80
18
16
49
74
7
30
81
110
11
75
91
105
103
93
40
28
27
69
3
17
56
78
97
8
107
45
101
43
90
46
84
99
102
35
41
92
100
86
24
60
95
36
79
58
77
88
87
63
104
25
108
65
64
66
72
106
32
109
85
44
111
57
15
4
73
38
48
53
83
82
67
59
14
29
61
5
26
52
21
-1
EOF
