NAME : gaussian_missing_edges_with_de_seg1_seg2_seg3_random160.9367.tour
COMMENT : Length = 9367
COMMENT : Found by LKH [Keld Helsgaun] Fri Jul 12 16:48:21 2024
TYPE : TOUR
DIMENSION : 160
TOUR_SECTION
1
78
108
85
123
122
150
84
44
64
155
113
154
38
7
125
94
109
34
51
47
89
159
106
39
14
71
52
136
32
140
83
65
138
91
76
33
36
5
26
90
19
11
82
48
105
110
3
4
88
151
24
104
18
12
74
55
79
13
60
81
27
139
35
117
115
41
2
121
15
77
70
145
31
156
99
114
132
59
58
102
43
118
152
127
153
50
129
135
23
133
16
45
95
66
56
149
116
86
30
112
124
29
6
28
49
134
25
53
37
107
137
143
21
146
54
126
157
148
40
68
147
97
141
46
100
103
9
142
111
63
67
72
96
61
8
22
120
75
131
144
130
69
80
128
73
98
17
119
10
101
57
42
158
93
92
20
62
87
160
-1
EOF
