NAME : gaussian_missing_edges_with_de_seg1_seg2_seg3_random153.8780.tour
COMMENT : Length = 8780
COMMENT : Found by LKH [Keld Helsgaun] Fri Jul 12 16:47:01 2024
TYPE : TOUR
DIMENSION : 153
TOUR_SECTION
1
44
114
92
77
150
84
8
37
128
65
100
142
83
112
117
136
6
78
9
33
75
95
60
115
153
126
18
36
130
22
144
53
55
49
5
132
98
120
24
85
11
21
56
149
109
69
19
122
88
12
42
50
35
51
123
74
59
28
67
76
86
57
102
2
64
80
82
58
23
72
38
138
105
43
119
47
13
40
106
3
25
66
14
17
137
48
10
61
143
139
52
31
79
110
34
90
4
152
107
101
131
111
125
41
135
116
63
68
27
96
148
26
104
133
30
87
97
151
46
16
127
7
20
134
89
29
141
124
81
32
113
71
103
108
146
94
54
62
140
147
39
118
70
15
99
91
73
145
45
121
93
129
-1
EOF
