NAME : gaussian_missing_edges_with_de_seg1_seg2_seg3_random138.9325.tour
COMMENT : Length = 9325
COMMENT : Found by LKH [Keld Helsgaun] Fri Jul 12 16:43:30 2024
TYPE : TOUR
DIMENSION : 138
TOUR_SECTION
1
29
43
84
77
23
78
15
133
117
19
131
34
52
40
14
104
57
8
59
103
3
91
126
12
16
122
64
136
85
114
111
37
129
88
79
113
65
83
54
124
22
96
105
38
72
13
9
119
58
115
74
86
30
81
71
27
94
17
49
118
130
95
120
128
73
106
82
31
66
11
93
47
45
53
99
70
100
92
137
98
75
87
56
138
48
33
55
24
10
67
97
61
7
125
26
68
135
2
51
116
110
76
20
101
107
123
36
42
132
109
4
60
35
25
90
69
121
41
32
63
102
18
5
46
44
21
108
127
39
50
80
112
134
6
89
28
62
-1
EOF
