NAME : gaussian_missing_edges_with_de_seg1_seg2_seg3_random120.7386.tour
COMMENT : Length = 7386
COMMENT : Found by LKH [Keld Helsgaun] Fri Jul 12 16:40:32 2024
TYPE : TOUR
DIMENSION : 120
TOUR_SECTION
1
71
80
104
74
94
57
30
68
105
63
59
86
106
60
97
76
114
5
111
75
19
31
21
109
85
90
46
89
117
53
26
81
51
13
34
93
24
41
25
96
65
39
49
52
62
42
66
101
64
61
113
45
95
2
32
78
6
92
91
69
15
22
88
37
72
4
50
38
20
67
23
27
112
120
56
119
48
77
115
108
9
12
44
79
99
29
11
47
70
54
17
82
14
33
103
3
84
43
8
87
100
118
28
18
102
116
83
7
73
55
40
10
35
16
110
58
36
107
98
-1
EOF
