NAME : gaussian_missing_edges_with_de_seg1_seg2_seg3_random197.10581.tour
COMMENT : Length = 10581
COMMENT : Found by LKH [Keld Helsgaun] Fri Jul 12 17:00:29 2024
TYPE : TOUR
DIMENSION : 197
TOUR_SECTION
1
102
158
83
72
110
138
51
25
69
157
181
80
22
169
82
184
105
15
174
131
23
78
84
87
155
42
101
192
54
14
136
185
67
130
144
41
73
99
148
146
129
135
55
128
114
92
126
137
156
24
47
2
98
160
178
197
134
164
111
17
7
57
46
13
154
31
19
142
117
90
182
141
167
43
28
112
171
59
29
191
149
125
186
11
52
104
34
153
12
49
103
183
40
119
162
115
3
56
26
118
143
93
122
35
37
179
123
9
194
44
107
33
140
106
166
88
81
18
66
124
53
45
89
139
6
180
96
150
65
58
100
36
85
77
113
196
195
62
27
172
133
116
163
188
64
151
108
187
132
86
68
145
175
32
152
39
159
74
165
30
121
16
193
177
161
60
63
189
147
76
173
4
75
190
91
48
8
70
95
10
120
127
79
94
71
5
50
176
168
21
38
97
170
20
61
109
-1
EOF
