NAME : gaussian_missing_edges_with_de_seg1_seg2_seg3_random177.10060.tour
COMMENT : Length = 10060
COMMENT : Found by LKH [Keld Helsgaun] Fri Jul 12 16:53:38 2024
TYPE : TOUR
DIMENSION : 177
TOUR_SECTION
1
17
9
133
36
47
142
158
43
102
15
161
61
11
109
96
46
60
54
129
107
68
35
59
72
160
97
111
172
80
124
33
22
49
141
88
104
5
143
127
38
73
152
77
51
113
70
56
164
174
163
120
131
29
130
12
108
140
19
115
153
117
41
159
6
10
13
168
74
83
92
2
16
76
52
32
31
27
37
45
78
98
65
154
122
145
100
126
139
75
112
119
150
85
87
167
63
64
147
176
53
144
165
34
40
173
170
157
95
93
23
69
84
155
138
82
166
110
148
21
105
79
25
91
162
125
81
24
121
99
8
118
106
58
137
26
156
132
101
42
50
123
62
151
20
86
3
177
71
67
48
116
146
103
94
128
175
7
57
39
90
136
114
30
66
28
134
55
169
149
4
89
14
18
171
44
135
-1
EOF
