NAME : gaussian_missing_edges_with_de_seg1_seg2_seg3_random131.8949.tour
COMMENT : Length = 8949
COMMENT : Found by LKH [Keld Helsgaun] Fri Jul 12 16:42:24 2024
TYPE : TOUR
DIMENSION : 131
TOUR_SECTION
1
28
66
63
3
71
103
129
5
49
21
114
16
15
104
34
82
130
93
79
81
41
99
108
88
52
85
60
46
6
94
117
106
38
118
14
9
83
87
17
122
40
29
126
92
67
13
77
8
73
44
69
35
51
113
62
72
95
123
32
90
54
102
120
55
105
68
100
109
7
84
30
75
127
33
4
59
56
89
115
37
119
20
86
70
125
48
61
124
22
12
11
25
58
110
116
131
121
112
101
111
18
19
64
76
74
78
45
53
91
43
50
23
10
27
39
42
65
97
57
47
24
36
98
128
2
26
80
107
31
96
-1
EOF
