NAME : gaussian_missing_edges_with_de_seg1_seg2_seg3_random200.10434.tour
COMMENT : Length = 10434
COMMENT : Found by LKH [Keld Helsgaun] Fri Jul 12 17:01:52 2024
TYPE : TOUR
DIMENSION : 200
TOUR_SECTION
1
11
48
46
74
53
116
193
25
114
78
94
161
77
134
140
8
132
92
31
82
153
37
168
160
142
2
30
189
139
18
41
130
163
89
99
120
105
4
39
68
47
200
33
83
182
129
93
85
183
59
144
80
165
172
179
98
75
197
124
184
34
76
38
97
22
136
23
45
28
106
198
24
151
122
44
135
102
95
159
26
113
62
126
35
21
185
174
100
20
64
111
176
157
52
109
10
119
91
162
141
194
70
173
133
72
171
190
55
60
69
6
86
49
81
156
103
152
43
108
88
128
101
167
14
115
54
188
3
57
175
19
177
143
40
155
51
7
32
12
118
117
15
169
13
84
9
149
79
87
96
146
61
112
154
180
147
104
145
199
187
131
36
138
158
90
58
150
65
127
71
56
170
42
67
195
181
66
137
107
123
196
121
191
125
166
27
186
73
17
148
192
29
164
110
16
178
5
50
63
-1
EOF
