NAME : gaussian_missing_edges_with_de_seg1_seg2_seg3_random189.10539.tour
COMMENT : Length = 10539
COMMENT : Found by LKH [Keld Helsgaun] Fri Jul 12 16:56:40 2024
TYPE : TOUR
DIMENSION : 189
TOUR_SECTION
1
67
153
58
126
44
176
91
116
159
79
173
175
13
167
152
99
3
112
164
53
165
187
158
139
131
90
166
63
32
42
162
5
170
93
56
35
21
49
87
73
26
184
169
7
64
104
4
51
103
157
86
29
95
57
74
33
15
136
122
111
114
11
138
40
10
70
22
84
124
144
143
88
171
180
54
50
78
127
19
161
118
38
23
97
9
150
154
30
177
178
65
18
128
89
174
142
185
156
135
168
121
25
163
46
113
115
105
141
117
145
24
37
155
82
181
76
133
6
68
149
186
39
14
101
94
98
123
120
77
179
151
96
71
102
59
137
92
132
61
189
107
60
80
182
75
12
28
134
81
20
129
85
41
125
183
119
108
140
17
47
31
72
100
106
16
34
36
62
2
55
147
188
109
69
43
130
148
146
160
27
110
45
48
83
52
66
8
172
-1
EOF
