NAME : gaussian_missing_edges_with_de_seg1_seg2_seg3_random182.9778.tour
COMMENT : Length = 9778
COMMENT : Found by LKH [Keld Helsgaun] Fri Jul 12 16:54:48 2024
TYPE : TOUR
DIMENSION : 182
TOUR_SECTION
1
50
156
30
54
7
56
73
124
16
24
110
165
128
62
155
61
115
69
76
45
40
33
10
34
44
47
98
114
116
92
182
55
15
111
108
146
157
120
25
126
149
52
71
103
99
180
59
89
178
161
143
37
141
90
35
27
175
119
94
151
170
23
172
2
78
64
139
162
145
177
63
17
48
95
83
102
153
11
66
163
91
19
20
5
74
67
32
82
179
167
13
68
144
152
147
75
65
51
77
106
46
18
181
154
127
169
31
60
6
176
107
171
29
148
159
134
93
112
4
58
136
86
104
28
130
109
85
121
36
49
43
135
81
70
174
14
118
53
117
122
87
72
140
125
137
100
150
88
142
129
133
96
80
57
26
101
12
158
164
123
105
113
132
3
160
39
173
166
42
41
131
138
8
38
9
21
97
22
84
168
79
-1
EOF
