NAME : gaussian_missing_edges_with_de_seg1_seg2_seg3_random174.7871.tour
COMMENT : Length = 7871
COMMENT : Found by LKH [Keld Helsgaun] Fri Jul 12 16:52:44 2024
TYPE : TOUR
DIMENSION : 174
TOUR_SECTION
1
26
173
137
78
152
174
112
23
132
19
135
75
40
154
36
163
10
51
115
22
143
134
114
166
150
158
24
28
55
142
67
61
171
41
74
2
104
8
29
145
42
116
120
106
123
63
108
168
98
32
125
31
113
66
130
52
126
165
128
91
85
17
11
103
43
48
105
157
139
39
151
73
129
149
70
140
167
84
46
69
109
110
20
155
118
107
60
58
170
56
6
117
5
7
164
148
146
76
33
3
92
65
133
47
97
86
81
127
100
15
72
18
53
13
83
102
124
49
119
4
59
131
121
62
27
45
57
93
172
14
141
79
95
159
64
147
34
35
101
37
25
44
138
30
80
122
169
89
96
88
71
50
161
153
99
94
54
90
9
68
16
162
21
111
160
12
144
82
136
77
87
38
156
-1
EOF
