NAME : gaussian_missing_edges_with_de_seg1_seg2_seg3_random118.7112.tour
COMMENT : Length = 7112
COMMENT : Found by LKH [Keld Helsgaun] Fri Jul 12 16:40:12 2024
TYPE : TOUR
DIMENSION : 118
TOUR_SECTION
1
26
115
84
111
88
107
102
35
13
51
3
97
81
95
104
49
12
75
36
30
100
113
4
74
18
60
28
99
63
108
92
22
94
14
45
82
21
41
25
50
9
43
17
39
76
59
6
40
67
5
34
80
83
55
57
61
70
71
15
11
109
38
27
53
29
93
101
86
85
68
78
96
98
42
105
32
48
58
54
66
2
77
114
31
52
37
87
62
110
19
91
56
65
90
33
7
118
20
73
72
103
47
89
116
8
24
64
44
46
112
23
16
106
117
10
79
69
-1
EOF
