NAME : gaussian_missing_edges_with_de_seg1_seg2_seg3_random159.6005.tour
COMMENT : Length = 6005
COMMENT : Found by LKH [Keld Helsgaun] Fri Jul 12 16:48:11 2024
TYPE : TOUR
DIMENSION : 159
TOUR_SECTION
1
2
26
124
47
14
75
30
130
36
45
38
84
66
131
82
65
119
59
152
151
49
108
6
34
22
46
115
155
159
139
106
48
35
9
105
42
12
140
39
97
100
99
20
60
90
134
149
37
16
129
128
13
158
32
73
94
21
146
148
144
135
123
145
98
58
87
109
64
24
107
41
67
57
101
15
7
81
125
141
23
114
71
112
138
17
25
80
19
121
56
51
153
62
11
103
78
142
111
10
18
88
54
50
133
85
104
118
3
31
4
83
52
92
110
33
79
127
5
120
122
72
74
116
53
55
150
117
91
95
157
28
143
27
147
77
61
86
76
154
63
93
137
96
102
70
8
29
40
68
44
113
132
136
126
69
89
156
43
-1
EOF
