NAME : gaussian_missing_edges_with_de_seg1_seg2_seg3_random191.10856.tour
COMMENT : Length = 10856
COMMENT : Found by LKH [Keld Helsgaun] Fri Jul 12 16:57:24 2024
TYPE : TOUR
DIMENSION : 191
TOUR_SECTION
1
130
152
118
64
165
150
87
116
75
3
71
107
147
127
178
159
29
168
154
146
62
45
38
114
124
160
136
191
129
188
32
97
53
85
48
92
63
96
120
12
109
69
70
143
104
99
121
58
133
157
16
106
187
46
131
108
137
34
30
132
103
141
112
7
83
10
67
149
66
184
190
93
119
21
40
74
94
36
47
166
155
54
56
35
72
80
43
169
88
102
81
44
11
189
57
65
28
52
140
186
4
39
173
15
19
61
142
20
144
183
91
13
25
128
9
123
163
73
22
182
113
89
175
100
18
164
148
156
122
60
2
49
135
50
139
84
145
185
115
153
51
117
167
78
14
76
151
111
31
176
158
68
6
138
23
126
170
27
86
26
179
177
17
174
180
82
101
79
37
55
105
98
134
77
162
59
95
181
33
125
42
5
90
8
161
172
41
110
24
171
-1
EOF
