NAME : gaussian_missing_edges_with_de_seg1_seg2_seg3_random192.10256.tour
COMMENT : Length = 10256
COMMENT : Found by LKH [Keld Helsgaun] Fri Jul 12 16:57:46 2024
TYPE : TOUR
DIMENSION : 192
TOUR_SECTION
1
92
159
31
35
87
153
16
58
167
104
155
44
119
28
124
70
137
40
48
168
5
67
13
10
150
21
93
102
52
176
190
122
3
164
160
133
182
156
24
4
141
26
112
74
33
116
111
162
120
138
117
54
72
77
18
166
65
73
97
106
110
47
113
61
39
45
71
38
36
152
192
96
181
63
172
75
64
189
136
41
53
99
6
7
161
34
169
109
46
57
17
29
60
76
142
146
130
81
187
79
108
94
50
100
158
175
149
107
86
98
151
2
49
174
171
126
163
183
134
42
115
123
139
118
114
186
20
56
95
62
80
82
90
144
14
59
83
179
191
66
132
188
140
22
27
129
69
11
184
9
88
148
131
91
30
177
127
170
103
32
165
125
135
78
85
8
51
19
68
23
154
143
157
89
147
128
55
185
101
43
25
121
37
145
15
12
105
173
84
178
180
-1
EOF
