NAME : gaussian_missing_edges_with_de_seg1_seg2_seg3_random198.7803.tour
COMMENT : Length = 7803
COMMENT : Found by LKH [Keld Helsgaun] Fri Jul 12 17:00:50 2024
TYPE : TOUR
DIMENSION : 198
TOUR_SECTION
1
145
185
50
49
95
89
128
78
79
149
195
25
133
169
38
69
12
164
60
129
120
152
127
134
106
180
22
171
59
136
87
45
144
179
196
115
53
188
173
119
102
94
161
151
122
150
5
197
84
158
170
124
125
20
138
168
110
32
67
132
92
71
23
29
39
93
48
154
160
96
192
118
186
183
83
100
63
76
167
10
123
31
103
46
70
114
58
189
111
68
182
165
148
190
85
72
121
15
104
66
26
2
187
176
137
147
109
47
34
184
88
27
9
74
157
175
130
90
177
18
8
112
51
101
98
198
61
14
62
172
11
65
178
33
174
86
21
105
6
155
57
131
139
181
140
19
41
135
163
3
162
194
80
166
73
159
7
36
143
116
24
4
146
91
28
55
17
77
99
81
97
126
156
75
153
54
40
44
113
43
107
142
42
30
16
108
56
35
37
141
64
191
82
117
52
13
193
-1
EOF
