NAME : gaussian_missing_edges_with_de_seg1_seg2_seg3_random190.10178.tour
COMMENT : Length = 10178
COMMENT : Found by LKH [Keld Helsgaun] Fri Jul 12 16:56:59 2024
TYPE : TOUR
DIMENSION : 190
TOUR_SECTION
1
165
91
176
189
36
69
57
173
60
28
46
48
99
51
100
147
55
135
140
130
67
27
23
53
56
58
152
93
39
118
102
124
44
49
85
68
128
81
26
139
132
106
2
187
109
110
54
142
86
134
166
71
150
75
182
149
156
136
50
31
32
183
8
171
10
164
158
120
79
133
11
112
186
95
159
52
125
88
17
22
4
33
179
18
19
35
15
3
83
30
180
87
161
72
13
97
24
115
45
144
25
143
174
181
168
190
63
65
101
90
148
117
107
6
127
43
104
146
162
126
108
178
185
167
137
172
47
70
74
34
77
64
103
42
154
38
131
151
76
84
92
116
40
59
138
170
7
89
160
119
155
78
129
157
153
114
141
5
20
113
111
66
29
41
80
37
14
175
122
121
163
96
145
16
94
188
61
9
73
21
184
123
169
62
105
12
98
82
177
-1
EOF
