NAME : gaussian_missing_edges_with_de_seg1_seg2_seg3_random119.5661.tour
COMMENT : Length = 5661
COMMENT : Found by LKH [Keld Helsgaun] Fri Jul 12 16:40:21 2024
TYPE : TOUR
DIMENSION : 119
TOUR_SECTION
1
40
56
112
106
45
66
80
4
108
37
69
115
105
14
13
36
50
114
72
75
2
5
110
73
43
107
70
94
48
62
53
82
87
26
42
79
44
93
78
89
113
32
98
54
99
29
95
97
102
57
52
60
27
91
16
38
55
84
41
65
24
74
68
92
6
117
119
10
17
59
85
118
51
34
58
83
88
19
111
96
25
49
67
35
3
9
8
23
33
76
20
109
31
63
86
7
116
12
101
28
104
46
22
47
18
39
61
64
21
71
90
81
77
11
30
15
100
103
-1
EOF
