NAME : gaussian_missing_edges_with_de_seg1_seg2_seg3_random122.8459.tour
COMMENT : Length = 8459
COMMENT : Found by LKH [Keld Helsgaun] Fri Jul 12 16:40:43 2024
TYPE : TOUR
DIMENSION : 122
TOUR_SECTION
1
91
26
114
45
20
97
96
11
44
25
86
85
4
47
50
120
35
106
54
72
116
81
65
53
75
58
110
101
112
77
60
51
80
67
117
17
23
63
43
57
87
83
121
93
41
34
109
52
24
70
48
46
13
119
115
29
61
40
21
90
39
19
69
104
56
62
16
71
68
30
95
32
66
15
79
5
99
76
92
55
73
113
49
98
78
64
37
82
102
2
89
88
31
36
111
100
9
103
33
22
84
59
10
27
122
28
105
42
107
8
14
94
6
38
3
18
118
74
12
7
108
-1
EOF
