NAME : gaussian_missing_edges_with_de_seg1_seg2_seg3_random179.8180.tour
COMMENT : Length = 8180
COMMENT : Found by LKH [Keld Helsgaun] Fri Jul 12 16:54:02 2024
TYPE : TOUR
DIMENSION : 179
TOUR_SECTION
1
37
120
81
86
67
179
50
88
101
95
96
74
146
39
100
64
73
107
117
138
61
43
66
90
89
5
26
118
108
70
157
68
78
133
143
115
152
114
129
147
153
71
44
79
111
29
126
51
46
140
17
99
33
80
98
75
113
178
15
21
136
85
94
106
52
48
31
11
112
131
141
116
97
176
165
123
27
109
87
151
28
47
76
30
56
14
58
10
159
41
144
40
77
35
124
119
53
12
45
172
62
110
130
122
57
42
92
170
132
104
24
134
23
155
60
102
6
169
7
49
156
145
164
8
161
19
173
38
127
163
59
171
121
9
22
135
69
82
174
55
154
34
3
103
20
18
139
148
4
2
32
160
63
105
166
158
84
168
13
65
125
25
137
149
16
150
128
167
36
162
72
177
93
91
54
142
83
175
-1
EOF
