NAME : gaussian_missing_edges_with_de_seg1_seg2_seg3_random140.7926.tour
COMMENT : Length = 7926
COMMENT : Found by LKH [Keld Helsgaun] Fri Jul 12 16:44:01 2024
TYPE : TOUR
DIMENSION : 140
TOUR_SECTION
1
5
36
133
107
8
97
46
33
95
50
76
30
93
62
94
59
6
116
39
68
29
19
74
41
131
75
127
35
96
81
24
86
137
65
32
17
3
14
23
122
49
92
139
63
16
84
111
77
52
88
40
44
115
118
106
110
57
126
26
34
87
11
10
18
101
22
55
51
79
70
54
7
61
135
103
9
37
20
45
123
138
78
73
71
132
85
105
66
120
98
60
89
38
119
102
90
64
83
15
13
91
128
104
12
43
130
4
136
72
58
140
56
125
2
100
69
80
47
53
113
108
25
99
109
121
27
117
82
134
67
124
28
21
114
48
31
129
112
42
-1
EOF
