NAME : gaussian_missing_edges_with_de_seg1_seg2_seg3_random151.9131.tour
COMMENT : Length = 9131
COMMENT : Found by LKH [Keld Helsgaun] Fri Jul 12 16:46:41 2024
TYPE : TOUR
DIMENSION : 151
TOUR_SECTION
1
109
138
148
129
33
79
50
84
106
2
47
22
99
14
3
136
111
141
69
81
9
38
13
124
116
72
23
108
19
53
21
30
117
100
42
134
31
64
71
70
128
115
126
122
68
98
26
39
93
110
96
113
118
25
45
20
142
149
60
16
103
37
65
145
63
58
44
46
97
89
147
133
82
83
127
125
75
140
5
29
55
48
56
137
132
105
80
144
15
32
54
121
78
59
94
102
57
90
6
146
101
87
40
12
62
34
76
151
51
88
74
66
17
43
11
18
28
112
73
61
143
92
139
107
135
8
86
4
120
24
67
36
52
85
7
150
27
41
104
95
131
130
77
119
35
49
91
10
114
123
-1
EOF
