NAME : random117.859.tour
COMMENT : Length = 859
COMMENT : Found by LKH [Keld Helsgaun] Sat Nov 23 17:50:33 2024
TYPE : TOUR
DIMENSION : 117
TOUR_SECTION
1
97
57
91
73
77
19
11
117
5
89
103
115
81
21
92
66
94
23
42
12
87
62
104
32
4
13
44
78
3
98
2
85
63
51
9
107
56
28
113
80
114
52
53
96
112
10
108
111
72
18
46
36
65
110
49
102
47
84
55
79
60
31
45
26
70
83
95
106
27
8
15
109
105
61
33
76
24
22
69
67
50
88
43
6
101
54
7
48
68
14
86
41
30
58
17
90
16
39
38
116
34
35
20
29
100
25
82
75
59
40
64
93
71
37
74
99
-1
EOF
