NAME : random125.891.tour
COMMENT : Length = 891
COMMENT : Found by LKH [Keld Helsgaun] Sat Nov 23 17:52:10 2024
TYPE : TOUR
DIMENSION : 125
TOUR_SECTION
1
75
78
70
15
96
26
111
79
115
63
85
18
88
117
30
10
29
76
66
24
6
60
90
37
47
58
116
13
4
125
83
5
20
71
45
82
107
121
68
103
51
39
118
21
36
53
124
81
86
22
46
61
3
72
87
108
105
17
54
119
55
106
94
95
100
99
65
19
91
38
9
41
102
50
92
120
48
114
93
49
62
34
59
74
44
11
77
123
32
109
64
23
98
8
35
42
52
40
80
89
112
27
122
97
31
12
14
57
104
43
28
110
7
73
69
56
67
113
16
33
2
101
25
84
-1
EOF
