NAME : random151.942.tour
COMMENT : Length = 942
COMMENT : Found by LKH [Keld Helsgaun] Sat Nov 23 17:58:46 2024
TYPE : TOUR
DIMENSION : 151
TOUR_SECTION
1
43
39
11
70
49
31
58
35
21
7
82
18
17
10
125
25
24
41
106
65
4
117
130
103
100
14
113
30
146
44
80
40
124
107
51
85
86
3
93
47
22
81
114
128
141
83
50
12
42
57
136
34
8
88
108
111
60
9
139
79
63
13
77
151
109
33
102
76
32
101
142
144
126
2
105
148
69
92
110
5
78
99
62
140
118
134
135
138
75
23
46
123
55
72
127
133
90
97
66
149
116
120
112
87
26
28
52
119
38
145
143
129
61
132
89
27
56
68
36
29
54
121
15
20
67
104
91
98
16
71
84
95
48
131
37
19
137
74
73
115
45
6
94
53
96
147
64
122
150
59
-1
EOF
