NAME : random121.850.tour
COMMENT : Length = 850
COMMENT : Found by LKH [Keld Helsgaun] Mon Dec 30 21:58:06 2024
TYPE : TOUR
DIMENSION : 121
TOUR_SECTION
1
94
24
99
101
103
50
56
23
102
18
72
66
2
11
34
117
42
19
27
52
119
10
8
54
4
22
96
16
25
112
84
61
82
63
31
65
79
121
73
86
21
35
57
45
3
68
38
51
116
105
92
6
77
100
98
88
64
39
87
108
83
55
60
62
15
36
115
40
59
113
14
13
44
37
20
33
97
28
32
43
67
17
95
70
29
76
111
30
106
81
80
58
9
5
90
46
7
26
93
114
91
49
75
104
109
74
110
12
53
41
78
107
69
89
47
120
71
48
85
118
-1
EOF
