NAME : random130.868.tour
COMMENT : Length = 868
COMMENT : Found by LKH [Keld Helsgaun] Mon Dec 30 21:59:04 2024
TYPE : TOUR
DIMENSION : 130
TOUR_SECTION
1
95
87
107
20
113
104
122
80
46
70
92
111
13
73
69
25
72
116
94
114
42
32
67
100
4
101
86
120
22
31
43
123
110
8
78
60
85
65
19
90
2
28
33
55
29
6
7
59
52
117
18
24
105
109
35
66
115
23
56
41
88
126
124
36
11
17
51
93
57
99
27
58
45
62
54
50
34
38
77
12
119
71
30
15
103
39
40
37
83
91
106
10
5
127
47
108
26
48
21
64
82
118
98
3
14
74
63
96
75
79
76
49
61
89
81
16
68
112
128
125
97
9
102
121
130
44
84
53
129
-1
EOF
