NAME : random174.1027.tour
COMMENT : Length = 1027
COMMENT : Found by LKH [Keld Helsgaun] Mon Dec 30 22:07:23 2024
TYPE : TOUR
DIMENSION : 174
TOUR_SECTION
1
118
58
116
59
133
155
127
112
117
63
16
86
106
109
139
166
168
53
122
137
147
45
141
145
96
21
8
82
41
35
130
115
39
69
37
99
158
150
113
174
72
102
32
12
94
156
57
124
20
138
54
110
98
161
31
167
2
163
125
74
91
28
151
67
23
76
131
13
70
111
143
173
22
19
140
25
3
26
80
120
81
149
60
36
15
119
49
43
169
44
9
64
29
83
93
30
136
153
68
170
27
5
18
7
66
148
101
135
75
51
92
89
77
126
24
108
123
157
134
14
61
52
79
85
128
11
162
38
17
160
78
114
165
73
56
42
62
4
55
34
144
40
142
172
132
129
84
100
46
71
121
146
48
97
152
154
105
87
171
6
47
65
159
104
88
90
103
33
95
50
10
107
164
-1
EOF
