NAME : random163.992.tour
COMMENT : Length = 992
COMMENT : Found by LKH [Keld Helsgaun] Mon Dec 30 22:03:59 2024
TYPE : TOUR
DIMENSION : 163
TOUR_SECTION
1
59
23
150
154
125
15
163
63
120
108
113
9
144
35
27
33
38
3
69
75
58
85
54
66
50
151
21
106
94
161
37
13
162
140
26
32
87
80
145
136
65
103
126
81
111
127
76
124
34
141
131
41
91
146
70
147
11
97
25
92
24
101
5
104
118
61
139
115
107
6
117
2
71
142
12
67
129
112
60
116
148
105
159
83
19
64
160
149
55
143
18
122
109
96
20
134
45
135
73
31
39
133
47
53
62
68
52
79
121
138
77
158
44
30
82
110
95
14
29
114
8
56
128
43
98
74
46
93
49
156
102
51
4
152
132
57
99
7
10
40
28
153
36
48
137
22
72
78
16
100
90
84
86
130
155
88
42
17
119
123
89
157
-1
EOF
