NAME : random190.1036.tour
COMMENT : Length = 1036
COMMENT : Found by LKH [Keld Helsgaun] Mon Dec 30 22:09:36 2024
TYPE : TOUR
DIMENSION : 190
TOUR_SECTION
1
86
74
115
25
116
20
44
87
90
152
123
163
121
139
151
140
94
8
118
137
149
160
37
154
159
184
85
88
78
157
162
166
117
71
24
144
175
133
182
91
26
53
93
35
28
83
132
89
150
164
52
59
131
143
47
153
14
84
67
114
58
12
49
178
23
19
158
30
111
190
165
129
145
186
82
69
6
16
122
10
167
171
100
138
13
120
104
56
168
95
17
141
55
142
42
48
40
169
45
103
102
146
177
72
41
124
81
21
130
79
50
188
185
36
189
99
31
54
110
70
63
181
179
33
77
61
176
105
38
126
4
5
18
46
136
73
11
127
161
134
29
187
39
125
3
174
119
180
108
135
22
32
112
43
101
64
96
106
97
76
173
68
155
92
148
147
15
80
156
128
183
27
9
2
113
107
7
66
75
34
60
51
57
62
109
65
170
98
172
-1
EOF
