NAME : random155.971.tour
COMMENT : Length = 971
COMMENT : Found by LKH [Keld Helsgaun] Mon Dec 30 22:02:54 2024
TYPE : TOUR
DIMENSION : 155
TOUR_SECTION
1
16
47
59
63
73
99
87
112
39
118
7
129
109
96
60
100
136
30
54
122
84
123
85
132
93
121
113
17
37
42
40
66
45
83
130
106
152
22
145
155
55
149
68
50
134
75
34
126
21
52
65
147
56
114
104
125
14
111
120
116
24
51
81
88
23
150
128
110
20
48
97
153
74
35
108
154
107
26
146
86
148
69
3
142
19
72
11
138
144
67
12
33
13
80
28
27
29
76
71
64
94
117
5
61
62
49
101
139
140
82
141
124
115
78
70
44
91
18
53
31
36
89
2
46
98
90
102
103
15
58
25
4
92
133
95
137
32
127
41
143
57
6
43
10
9
119
105
8
131
135
79
151
38
77
-1
EOF
