NAME : random168.995.tour
COMMENT : Length = 995
COMMENT : Found by LKH [Keld Helsgaun] Mon Dec 30 22:05:42 2024
TYPE : TOUR
DIMENSION : 168
TOUR_SECTION
1
92
8
142
95
19
46
103
73
84
11
91
2
160
87
100
78
35
82
12
113
16
43
129
68
80
128
151
58
104
112
36
150
72
61
31
24
17
70
147
161
115
101
117
109
135
37
18
34
44
144
163
65
26
89
133
119
140
53
155
48
159
138
85
28
166
51
59
50
77
69
42
130
94
30
55
66
41
71
165
79
114
23
146
96
125
164
22
123
110
29
21
7
162
49
45
145
38
63
102
32
118
148
121
154
6
132
56
107
5
9
62
86
81
93
149
152
25
3
90
64
131
83
139
168
47
97
40
158
99
124
75
105
134
76
106
33
4
54
27
10
143
57
116
153
39
88
52
60
127
122
111
98
13
108
157
141
126
67
14
136
137
74
15
156
20
167
120
-1
EOF
