NAME : random164.968.tour
COMMENT : Length = 968
COMMENT : Found by LKH [Keld Helsgaun] Mon Dec 30 22:04:31 2024
TYPE : TOUR
DIMENSION : 164
TOUR_SECTION
1
121
118
19
143
139
123
32
154
106
103
126
51
57
109
6
18
94
26
54
89
5
81
21
144
128
101
132
48
77
85
61
155
66
150
75
36
141
50
142
92
137
114
49
131
13
68
8
112
115
99
12
71
9
93
20
105
133
79
129
25
161
116
58
39
138
44
82
122
147
120
80
127
158
76
16
33
134
97
78
45
70
59
91
23
84
153
53
65
90
164
11
38
146
140
100
56
111
28
74
64
63
3
87
95
163
27
117
149
41
135
83
124
24
145
110
67
10
30
151
102
17
14
47
2
52
157
35
156
69
55
136
31
160
107
62
29
4
73
86
60
88
104
108
148
40
130
37
152
22
43
42
119
98
72
159
7
46
15
113
96
34
162
125
-1
EOF
