NAME : random140.890.tour
COMMENT : Length = 890
COMMENT : Found by LKH [Keld Helsgaun] Mon Dec 30 22:01:10 2024
TYPE : TOUR
DIMENSION : 140
TOUR_SECTION
1
17
50
97
73
59
39
86
16
65
35
126
93
88
68
30
14
43
124
106
105
7
77
70
69
42
74
94
2
3
116
109
20
25
57
53
135
107
37
76
139
100
89
4
24
45
58
67
10
122
8
61
99
66
104
127
5
36
136
56
48
27
133
21
80
44
72
38
85
134
33
63
19
90
84
41
18
54
47
131
26
11
132
22
13
114
111
87
15
23
113
78
31
138
51
91
81
118
121
64
95
98
137
49
103
83
75
92
55
82
96
120
79
110
128
40
125
28
6
119
102
62
108
9
130
101
123
46
117
34
60
115
71
12
32
129
112
29
52
140
-1
EOF
