NAME : random183.1023.tour
COMMENT : Length = 1023
COMMENT : Found by LKH [Keld Helsgaun] Mon Dec 30 22:08:32 2024
TYPE : TOUR
DIMENSION : 183
TOUR_SECTION
1
139
120
74
147
87
134
182
32
86
47
58
61
148
19
181
132
102
10
36
2
107
157
141
8
156
63
79
179
135
75
30
172
62
14
33
177
56
164
48
152
41
183
117
168
178
125
163
55
52
92
83
90
93
77
105
133
167
171
76
123
27
85
71
145
65
45
108
118
40
131
24
88
97
180
49
35
150
46
31
22
153
6
151
176
174
155
113
99
37
16
114
50
94
66
84
54
91
44
136
5
67
69
146
9
158
112
64
103
21
106
25
96
57
127
18
26
23
175
140
126
128
138
165
89
60
17
166
169
111
80
101
72
160
98
137
109
4
34
3
115
129
130
15
100
95
59
70
13
124
7
142
122
116
173
121
144
11
104
110
162
78
43
119
29
12
68
42
81
51
82
73
38
170
159
20
53
143
28
39
149
161
154
-1
EOF
