NAME : random153.949.tour
COMMENT : Length = 949
COMMENT : Found by LKH [Keld Helsgaun] Thu Sep 26 22:08:53 2024
TYPE : TOUR
DIMENSION : 153
TOUR_SECTION
1
133
4
150
110
119
38
147
13
26
92
64
97
93
126
81
100
12
129
3
52
49
16
37
51
116
43
29
140
134
30
135
76
27
88
107
66
61
6
89
8
146
32
124
60
25
109
7
132
24
105
40
18
148
72
125
28
39
42
70
31
120
123
11
152
114
22
151
46
78
19
145
153
82
58
10
74
99
101
67
90
112
5
149
137
136
79
128
41
98
87
63
45
95
2
121
96
85
104
127
103
86
75
54
138
59
62
94
9
17
144
131
15
122
48
47
84
34
23
14
20
53
36
73
71
106
50
21
65
117
68
115
108
55
142
143
91
35
118
83
111
57
80
56
113
102
130
69
77
44
33
141
139
-1
EOF
