NAME : random181.1001.tour
COMMENT : Length = 1001
COMMENT : Found by LKH [Keld Helsgaun] Sat Nov 23 18:11:31 2024
TYPE : TOUR
DIMENSION : 181
TOUR_SECTION
1
84
110
164
11
67
161
175
73
104
160
125
87
102
2
80
69
52
177
131
109
156
17
25
45
33
82
151
60
28
22
100
112
93
41
24
95
30
7
178
179
61
48
70
36
74
9
146
8
126
23
148
144
31
139
13
128
132
39
51
18
180
111
123
35
130
168
118
40
37
155
165
98
64
91
140
96
5
59
57
20
121
56
157
92
107
135
176
42
172
149
115
14
75
136
38
71
58
163
97
6
63
138
65
129
34
117
21
169
162
86
174
90
72
99
181
50
119
16
154
54
171
88
66
158
147
53
19
12
105
68
103
55
43
145
166
76
173
141
170
10
4
152
44
79
143
26
15
94
101
116
81
122
153
78
114
85
167
89
47
49
83
113
159
77
120
3
150
106
32
108
142
127
46
27
62
134
137
124
29
133
-1
EOF
