NAME : random174.1023.tour
COMMENT : Length = 1023
COMMENT : Found by LKH [Keld Helsgaun] Sat Nov 23 16:18:59 2024
TYPE : TOUR
DIMENSION : 174
TOUR_SECTION
1
107
164
10
50
95
33
103
90
88
144
104
159
65
47
6
171
87
105
154
152
97
48
146
121
71
46
100
84
129
132
172
142
40
34
55
4
62
42
56
73
165
114
78
160
17
38
162
11
128
85
79
52
61
14
134
157
123
108
24
126
77
92
51
75
135
101
148
66
7
18
5
27
170
68
153
89
136
30
93
83
29
64
9
44
169
43
49
119
15
36
60
149
81
120
80
26
3
25
140
19
22
173
143
111
70
13
131
76
23
67
151
28
91
74
125
163
2
167
31
161
98
110
54
138
20
124
57
156
94
12
32
102
72
174
113
150
158
99
37
69
39
115
130
41
82
35
8
21
96
145
141
45
147
137
122
53
168
166
139
109
106
86
16
63
117
112
127
155
133
59
116
58
118
-1
EOF
