NAME : random198.1069.tour
COMMENT : Length = 1069
COMMENT : Found by LKH [Keld Helsgaun] Sat Nov 23 16:28:40 2024
TYPE : TOUR
DIMENSION : 198
TOUR_SECTION
1
66
35
107
137
195
164
48
103
144
174
124
98
150
28
178
126
171
3
116
109
83
127
19
5
179
67
89
69
76
129
91
34
80
152
169
177
32
186
184
26
125
142
188
175
24
170
20
197
189
159
182
65
173
180
192
93
105
58
17
145
187
112
82
117
115
191
133
122
143
196
39
172
74
18
79
36
44
99
57
54
62
45
160
25
86
161
37
55
118
12
110
8
63
136
42
85
167
68
60
121
38
78
120
135
146
190
73
96
11
31
9
148
114
27
10
2
185
33
158
87
194
128
176
22
132
50
56
94
81
100
84
16
95
101
6
21
40
102
97
30
7
198
61
154
23
181
108
75
119
156
130
155
49
149
104
165
71
51
163
47
131
147
151
77
90
168
106
123
52
92
53
70
183
15
46
153
113
193
111
14
41
166
43
140
4
88
64
157
162
141
139
59
72
13
134
29
138
-1
EOF
