NAME : random159.952.tour
COMMENT : Length = 952
COMMENT : Found by LKH [Keld Helsgaun] Sat Nov 23 16:09:57 2024
TYPE : TOUR
DIMENSION : 159
TOUR_SECTION
1
39
156
154
36
94
97
130
114
28
121
19
135
58
73
137
68
37
116
12
46
138
38
117
44
143
88
139
48
47
18
10
54
43
30
71
7
11
112
101
140
85
136
24
126
90
50
149
16
141
120
2
146
55
27
110
83
29
142
111
144
8
61
128
65
122
80
113
76
42
70
3
106
82
125
26
81
102
91
132
74
4
134
67
109
92
124
69
159
99
86
15
127
56
79
77
87
84
60
31
148
5
34
115
119
151
147
62
78
45
22
32
95
133
21
66
72
155
25
6
63
23
64
158
41
75
104
40
9
35
57
131
108
100
157
89
98
49
118
153
152
93
14
105
107
20
129
59
53
52
33
96
13
123
17
145
51
103
150
-1
EOF
