NAME : random183.1019.tour
COMMENT : Length = 1019
COMMENT : Found by LKH [Keld Helsgaun] Sat Nov 23 16:22:09 2024
TYPE : TOUR
DIMENSION : 183
TOUR_SECTION
1
139
120
74
147
87
134
182
32
86
47
61
58
19
181
102
10
132
107
157
141
2
63
8
156
79
179
135
75
30
172
62
14
33
177
125
178
168
183
117
56
164
48
152
41
68
12
29
43
119
105
77
133
167
171
90
93
92
83
163
55
52
76
123
27
85
71
145
65
45
108
118
40
131
24
88
97
180
49
35
150
46
31
22
153
6
151
176
115
3
174
155
113
34
99
37
16
114
50
94
66
84
54
91
44
136
5
4
109
137
67
69
146
9
158
112
64
103
21
106
25
96
57
127
18
26
23
175
140
126
128
138
165
89
60
17
166
169
111
80
101
72
160
98
129
130
15
100
95
59
70
13
124
7
142
122
116
173
121
144
11
78
162
110
104
73
81
42
51
82
36
38
170
159
20
53
143
28
39
149
161
148
154
-1
EOF
