NAME : random193.1031.tour
COMMENT : Length = 1031
COMMENT : Found by LKH [Keld Helsgaun] Mon Dec 30 21:34:02 2024
TYPE : TOUR
DIMENSION : 193
TOUR_SECTION
1
73
132
49
138
66
143
7
114
131
38
193
164
104
173
89
86
33
148
147
12
168
124
42
154
123
36
95
78
41
67
44
178
2
80
22
158
77
18
13
133
188
4
115
74
85
17
105
157
179
170
184
8
121
61
64
63
134
29
135
69
92
50
76
165
191
172
149
102
117
160
54
119
91
40
127
120
32
183
189
129
182
175
111
167
75
88
181
99
101
162
3
150
53
43
136
98
177
109
97
72
141
107
163
62
185
19
16
83
128
24
142
45
70
153
14
79
48
6
145
20
125
192
90
60
151
84
110
130
15
11
106
34
116
10
174
25
26
169
122
52
56
21
68
27
137
187
176
159
23
96
94
112
156
47
161
59
46
144
58
100
103
30
57
126
108
28
118
55
139
166
9
81
35
180
5
51
140
37
113
71
87
171
190
93
152
82
65
39
186
155
31
146
-1
EOF
