NAME : random195.1069.tour
COMMENT : Length = 1069
COMMENT : Found by LKH [Keld Helsgaun] Mon Dec 30 21:34:16 2024
TYPE : TOUR
DIMENSION : 195
TOUR_SECTION
1
132
176
33
169
20
172
141
56
58
34
161
31
14
163
61
144
108
87
167
173
194
180
126
186
118
71
160
148
115
22
24
155
19
171
146
35
142
182
65
45
122
106
188
4
29
63
52
72
55
109
23
101
119
70
143
66
18
191
93
78
183
184
11
30
7
40
192
77
100
135
181
116
136
185
46
74
28
62
39
134
133
17
175
111
27
85
32
12
38
166
88
47
98
103
10
177
179
154
73
95
90
195
159
153
2
157
68
15
81
164
6
21
57
150
105
13
158
178
110
165
139
124
97
156
43
162
151
96
36
49
168
193
130
8
104
145
64
16
123
82
170
94
69
140
112
75
67
79
129
86
114
120
5
113
174
117
51
92
190
76
152
25
107
26
48
99
41
149
187
9
83
80
59
127
125
91
3
42
44
102
121
53
189
89
147
37
131
54
84
50
60
138
128
137
-1
EOF
