NAME : random185.1003.tour
COMMENT : Length = 1003
COMMENT : Found by LKH [Keld Helsgaun] Tue Sep  3 17:06:42 2024
TYPE : TOUR
DIMENSION : 185
TOUR_SECTION
1
113
152
108
155
94
177
27
78
84
15
133
21
127
123
87
118
60
40
159
79
147
110
44
120
39
8
80
182
2
89
56
46
53
76
31
161
33
10
13
35
154
47
86
98
59
176
50
174
54
130
81
168
22
148
116
128
103
181
97
138
102
95
37
156
150
129
82
18
111
5
91
165
185
83
38
184
36
107
126
144
175
63
62
48
121
34
93
52
183
23
29
88
151
170
162
25
96
32
105
92
131
4
169
166
135
163
75
70
11
164
71
85
141
143
14
67
109
119
57
7
104
172
142
30
160
49
51
99
114
106
167
55
158
112
145
24
125
43
9
134
19
68
122
153
149
20
157
137
139
26
136
132
146
140
41
72
28
171
101
77
42
58
100
178
179
73
12
90
69
61
45
115
65
3
117
173
17
6
66
74
16
124
64
180
-1
EOF
