NAME : random164.967.tour
COMMENT : Length = 967
COMMENT : Found by LKH [Keld Helsgaun] Tue Sep  3 16:58:00 2024
TYPE : TOUR
DIMENSION : 164
TOUR_SECTION
1
34
162
125
41
149
135
83
124
24
145
67
10
30
151
14
17
102
110
40
148
108
104
88
60
86
73
4
107
160
31
136
55
69
156
62
29
47
2
35
157
52
28
111
56
100
140
146
38
11
164
90
65
64
74
63
3
87
95
163
27
117
53
153
158
127
80
120
147
122
82
44
138
39
58
116
161
25
129
79
115
99
12
71
133
105
20
93
9
76
16
33
97
134
78
45
70
84
23
59
91
131
49
92
137
142
50
141
36
75
114
13
68
112
8
150
66
155
61
85
48
77
132
101
128
144
21
81
5
89
54
26
94
18
6
109
57
51
126
103
106
154
32
123
139
143
19
15
46
7
159
72
98
119
42
43
22
152
37
130
96
113
118
121
-1
EOF
