NAME : random166.996.tour
COMMENT : Length = 996
COMMENT : Found by LKH [Keld Helsgaun] Tue Sep  3 16:59:39 2024
TYPE : TOUR
DIMENSION : 166
TOUR_SECTION
1
9
142
42
105
17
68
44
69
31
80
119
51
153
93
15
28
46
14
149
34
27
76
133
8
100
22
54
86
71
131
161
91
115
123
130
75
79
82
104
7
124
78
147
73
25
16
40
128
60
48
159
84
10
138
102
20
144
12
6
164
139
94
37
49
126
81
89
110
163
56
107
145
3
112
39
151
87
83
106
96
72
65
98
59
108
58
24
50
152
45
146
19
143
141
38
41
121
13
77
116
160
132
53
114
155
2
57
125
101
63
117
103
157
113
90
111
158
127
109
33
35
47
29
122
67
95
30
162
150
165
5
36
118
43
74
21
129
85
66
154
134
26
135
92
156
70
88
11
148
55
120
62
23
18
4
140
64
137
99
52
61
166
136
32
97
-1
EOF
