NAME : random120.828.tour
COMMENT : Length = 828
COMMENT : Found by LKH [Keld Helsgaun] Tue Sep  3 16:40:54 2024
TYPE : TOUR
DIMENSION : 120
TOUR_SECTION
1
2
33
109
64
96
13
5
58
42
105
100
62
103
60
120
24
53
81
55
95
48
107
80
67
17
10
84
18
97
65
59
54
46
85
76
38
32
6
23
36
56
37
30
15
21
106
11
70
114
34
22
117
71
66
26
91
101
43
72
19
52
92
89
112
75
39
74
104
28
44
93
78
57
16
73
8
27
50
29
115
102
82
118
45
61
94
68
3
51
9
108
88
110
83
86
25
40
47
119
79
20
98
4
77
41
63
116
35
90
49
7
31
14
113
111
69
12
87
99
-1
EOF
