NAME : random158.895.tour
COMMENT : Length = 895
COMMENT : Found by LKH [Keld Helsgaun] Thu Sep 26 18:53:50 2024
TYPE : TOUR
DIMENSION : 158
TOUR_SECTION
1
39
69
133
76
52
112
68
29
158
152
64
96
88
119
121
26
79
153
146
110
30
74
60
53
105
54
27
141
80
21
139
67
28
132
20
47
140
118
94
115
7
10
128
57
22
40
78
157
71
103
32
43
98
151
58
37
46
73
134
150
15
12
144
35
14
149
62
95
107
101
56
50
41
113
3
148
87
17
92
154
147
49
16
125
156
99
111
97
86
4
100
63
124
59
23
117
70
45
2
38
33
155
116
93
82
48
61
104
24
72
143
9
85
109
65
11
8
55
123
6
126
136
18
77
90
36
114
66
122
108
131
31
84
83
75
130
5
135
145
120
81
51
142
127
129
19
44
106
91
137
138
25
42
13
89
34
102
-1
EOF
