NAME : random130.864.tour
COMMENT : Length = 864
COMMENT : Found by LKH [Keld Helsgaun] Thu Sep 26 18:47:50 2024
TYPE : TOUR
DIMENSION : 130
TOUR_SECTION
1
80
46
70
92
111
13
73
69
25
72
100
67
32
42
114
116
94
129
84
53
123
43
4
101
86
120
22
31
19
90
2
28
33
55
29
6
105
24
18
7
59
52
117
124
23
115
41
56
88
126
36
11
17
51
93
57
99
58
27
66
35
109
65
85
60
78
8
110
62
45
54
50
34
38
77
12
119
71
30
15
103
39
40
37
83
91
106
10
5
127
47
108
26
48
21
64
82
118
98
3
14
74
63
96
75
44
130
121
102
9
76
79
49
61
89
81
16
68
125
112
128
97
87
107
20
113
104
122
95
-1
EOF
