NAME : random173.987.tour
COMMENT : Length = 987
COMMENT : Found by LKH [Keld Helsgaun] Tue Sep  3 17:03:00 2024
TYPE : TOUR
DIMENSION : 173
TOUR_SECTION
1
105
80
95
110
149
58
155
134
102
148
82
16
35
91
25
76
27
92
36
34
4
31
52
83
75
2
19
53
138
63
79
94
101
38
6
81
168
147
88
54
135
141
69
71
128
57
47
61
13
120
144
126
87
50
33
146
9
129
74
3
133
43
115
11
169
14
123
171
140
8
172
170
157
17
84
78
118
124
116
41
10
55
90
60
23
113
51
32
72
48
20
65
165
15
173
46
40
166
86
160
22
85
106
12
121
26
119
108
122
99
37
142
67
151
7
150
21
161
24
145
64
162
104
70
127
111
158
167
103
100
143
59
125
132
136
130
68
73
66
112
114
159
164
29
107
28
163
97
62
30
39
44
152
77
98
49
42
96
18
153
137
5
117
93
131
109
45
89
156
154
56
139
-1
EOF
