NAME : random128.851.tour
COMMENT : Length = 851
COMMENT : Found by LKH [Keld Helsgaun] Sat Nov 23 21:51:36 2024
TYPE : TOUR
DIMENSION : 128
TOUR_SECTION
1
31
36
13
56
57
70
126
90
86
46
72
93
88
122
33
4
92
69
50
14
38
95
79
116
11
61
73
99
37
55
65
49
94
108
25
64
103
117
128
39
23
85
22
9
83
48
76
18
111
81
87
30
53
32
47
20
84
51
63
3
66
17
75
10
113
119
97
34
74
127
107
35
27
101
45
71
68
98
24
114
44
16
2
102
106
59
6
5
80
19
78
121
54
89
8
124
62
109
29
28
12
118
67
77
125
40
123
42
91
58
60
96
41
112
7
26
120
105
82
104
100
115
43
21
15
110
52
-1
EOF
