NAME : random143.907.tour
COMMENT : Length = 907
COMMENT : Found by LKH [Keld Helsgaun] Sat Nov 23 21:54:04 2024
TYPE : TOUR
DIMENSION : 143
TOUR_SECTION
1
93
99
60
132
112
45
63
76
31
86
75
95
19
97
79
101
43
68
111
23
102
107
66
53
73
50
16
116
142
92
135
61
56
138
35
3
110
48
118
119
124
74
108
141
14
78
81
28
62
65
24
128
17
77
96
13
39
55
30
121
85
33
47
20
25
80
44
120
89
115
130
140
129
139
27
122
125
51
22
37
46
126
123
42
72
40
133
70
2
90
26
9
38
87
71
83
134
58
109
59
54
32
5
114
34
137
106
7
52
127
88
36
4
67
104
18
12
49
10
84
41
117
136
105
94
131
57
8
11
69
21
91
113
100
6
143
29
82
98
64
15
103
-1
EOF
