NAME : random187.1027.tour
COMMENT : Length = 1027
COMMENT : Found by LKH [Keld Helsgaun] Sat Nov 23 22:01:29 2024
TYPE : TOUR
DIMENSION : 187
TOUR_SECTION
1
61
49
176
152
185
115
5
37
167
150
66
45
135
88
70
40
155
80
141
18
77
78
172
95
177
110
36
127
116
86
98
108
20
156
87
134
23
121
142
17
35
169
99
107
160
165
42
81
128
181
109
2
143
148
7
164
64
146
133
174
69
9
31
84
55
76
153
184
16
97
139
145
53
104
168
105
103
166
65
34
163
58
144
33
159
14
173
85
151
129
68
132
24
74
119
57
3
67
170
6
154
96
123
60
122
44
63
180
161
82
102
73
30
186
118
131
130
19
126
114
93
120
41
59
89
48
125
91
54
182
157
100
21
50
38
13
83
92
101
178
11
124
46
56
72
183
113
51
158
15
25
137
136
28
175
4
179
62
32
106
52
187
71
149
117
8
112
147
171
79
111
75
12
162
140
26
94
39
43
47
29
27
22
138
10
90
-1
EOF
