NAME : random125.895.tour
COMMENT : Length = 895
COMMENT : Found by LKH [Keld Helsgaun] Sat Nov 23 21:51:13 2024
TYPE : TOUR
DIMENSION : 125
TOUR_SECTION
1
75
78
70
15
96
79
26
111
66
24
6
60
90
29
76
115
63
85
18
88
117
10
30
103
51
39
118
21
36
53
124
81
86
61
3
72
87
108
105
17
54
94
95
100
99
65
19
91
38
9
41
106
55
119
46
22
82
107
121
68
47
37
58
116
13
4
83
125
5
20
71
45
102
50
92
120
48
114
93
49
62
34
59
109
74
44
11
77
123
32
64
23
98
8
35
42
52
40
80
89
112
27
122
97
31
12
14
57
104
43
28
110
7
73
69
56
67
113
16
33
2
101
25
84
-1
EOF
