NAME : random171.956.tour
COMMENT : Length = 956
COMMENT : Found by LKH [Keld Helsgaun] Sat Nov 23 21:58:54 2024
TYPE : TOUR
DIMENSION : 171
TOUR_SECTION
1
67
152
169
157
126
167
36
112
52
61
158
156
165
108
98
62
21
25
84
161
118
111
57
31
166
102
146
29
46
65
74
113
38
110
60
49
12
132
124
77
28
22
44
15
121
11
10
76
33
89
153
125
83
93
35
18
96
72
122
78
131
19
24
144
95
70
53
30
155
130
160
9
133
17
68
129
141
71
119
86
48
128
8
27
101
87
115
51
58
64
75
117
56
59
3
6
69
14
92
137
97
41
139
55
39
138
148
47
40
99
79
63
162
90
120
135
54
109
140
16
80
168
91
114
73
106
116
105
147
171
154
43
42
170
150
7
164
145
107
81
26
143
151
94
20
103
85
163
13
100
34
45
123
88
127
136
82
50
66
149
142
159
4
5
23
37
2
32
104
134
-1
EOF
