NAME : random175.1043.tour
COMMENT : Length = 1043
COMMENT : Found by LKH [Keld Helsgaun] Sat Nov 23 21:59:55 2024
TYPE : TOUR
DIMENSION : 175
TOUR_SECTION
1
7
74
82
94
90
160
156
134
6
118
126
163
101
32
136
54
4
45
105
91
22
24
135
55
117
138
125
103
106
170
155
111
59
152
62
16
19
130
78
80
13
89
26
88
149
122
110
141
108
41
27
66
31
116
25
93
157
9
69
61
127
104
123
63
51
2
107
119
73
92
57
33
49
71
10
58
151
113
172
21
175
8
95
40
47
28
137
64
169
70
81
133
174
34
17
43
124
115
150
139
72
67
143
96
50
3
171
97
39
76
35
44
75
109
144
121
38
148
79
114
30
15
161
142
168
164
83
120
129
154
29
128
173
100
159
11
131
146
46
18
102
37
99
132
140
14
145
147
77
65
53
56
23
60
36
68
165
84
85
112
86
158
167
153
48
98
42
5
52
87
162
20
12
166
-1
EOF
