NAME : random192.1062.tour
COMMENT : Length = 1062
COMMENT : Found by LKH [Keld Helsgaun] Sat Nov 23 22:02:59 2024
TYPE : TOUR
DIMENSION : 192
TOUR_SECTION
1
10
121
186
98
96
33
107
94
183
133
50
65
28
49
159
41
115
114
119
140
175
8
74
5
82
178
42
53
32
191
126
102
34
63
13
173
17
95
26
101
68
152
184
16
105
182
111
11
160
47
57
171
113
136
148
146
154
4
84
58
56
189
37
90
29
116
88
135
93
166
112
25
143
91
44
104
131
120
132
6
179
168
117
158
60
3
69
48
139
122
89
76
192
36
165
61
21
138
129
161
150
64
22
12
130
145
128
141
180
75
188
124
144
77
79
9
43
83
108
2
106
54
45
30
24
174
162
123
35
14
142
39
81
110
62
51
72
177
70
59
185
151
52
66
55
167
163
147
7
92
99
170
85
100
27
149
169
164
46
19
137
155
103
181
78
18
67
97
156
125
172
71
15
20
80
157
176
31
86
73
87
127
187
190
153
38
40
118
23
109
134
-1
EOF
