NAME : random131.905.tour
COMMENT : Length = 905
COMMENT : Found by LKH [Keld Helsgaun] Thu Sep 26 21:29:06 2024
TYPE : TOUR
DIMENSION : 131
TOUR_SECTION
1
61
85
29
111
5
108
110
124
71
43
104
49
103
72
76
116
89
86
37
117
65
10
36
120
97
39
57
91
31
2
40
20
79
35
22
100
105
70
17
67
34
106
121
101
87
45
55
41
18
131
28
127
80
62
6
46
82
77
113
12
27
74
42
122
125
47
123
66
60
4
32
75
102
130
98
112
99
128
33
53
78
129
90
7
115
73
13
63
44
21
8
126
94
15
16
88
96
9
3
19
81
48
93
58
84
11
56
25
52
118
51
59
114
68
95
30
109
24
38
14
50
69
26
119
64
92
54
23
107
83
-1
EOF
