NAME : random150.921.tour
COMMENT : Length = 921
COMMENT : Found by LKH [Keld Helsgaun] Tue Sep  3 17:11:24 2024
TYPE : TOUR
DIMENSION : 150
TOUR_SECTION
1
66
149
9
133
28
110
135
52
73
141
88
42
109
2
99
67
145
147
144
4
85
125
59
22
116
105
93
119
21
106
63
103
83
26
27
100
148
113
115
3
10
92
75
50
70
74
131
137
98
80
44
89
142
31
54
8
87
46
86
82
143
112
20
136
132
79
11
12
65
60
150
69
40
19
117
39
108
121
32
25
123
77
94
107
34
49
5
13
30
118
101
95
129
128
71
6
58
15
61
51
47
96
78
16
55
43
17
124
14
84
62
127
102
81
126
24
48
64
97
41
29
33
57
114
7
37
104
23
130
53
35
68
122
139
18
76
134
45
138
111
90
36
140
120
146
72
56
38
91
-1
EOF
