NAME : random132.874.tour
COMMENT : Length = 874
COMMENT : Found by LKH [Keld Helsgaun] Tue Sep  3 17:05:58 2024
TYPE : TOUR
DIMENSION : 132
TOUR_SECTION
1
3
10
59
57
101
81
52
56
121
46
73
122
112
132
74
116
43
89
53
44
19
41
125
105
85
17
95
18
28
96
104
69
106
93
64
51
76
113
25
62
7
14
24
114
35
20
49
12
11
103
130
6
34
118
99
109
115
102
111
33
47
31
65
54
128
60
13
78
9
88
70
26
23
48
15
61
72
94
79
84
75
21
91
80
67
117
30
27
55
50
68
29
87
82
22
131
63
123
120
127
108
92
37
66
5
86
45
32
100
2
98
126
124
16
36
40
8
4
107
39
97
71
42
38
90
83
119
58
77
129
110
-1
EOF
