NAME : random118.825.tour
COMMENT : Length = 825
COMMENT : Found by LKH [Keld Helsgaun] Tue Sep  3 17:02:35 2024
TYPE : TOUR
DIMENSION : 118
TOUR_SECTION
1
7
58
50
64
82
83
109
53
10
67
102
32
51
84
113
23
60
16
62
9
97
79
26
49
38
17
12
99
115
42
76
24
86
90
44
116
45
87
70
25
33
77
14
96
114
20
36
40
13
110
19
47
55
43
75
71
92
91
78
103
27
112
80
28
54
11
30
21
98
88
56
74
94
72
107
37
18
106
41
73
104
15
52
63
108
61
46
4
100
69
93
2
118
117
34
95
111
31
85
59
35
81
101
6
68
57
66
39
105
8
48
3
65
5
29
89
22
-1
EOF
