NAME : random197.1087.tour
COMMENT : Length = 1087
COMMENT : Found by LKH [Keld Helsgaun] Thu Sep 26 17:57:13 2024
TYPE : TOUR
DIMENSION : 197
TOUR_SECTION
1
25
114
83
156
2
154
132
56
177
193
88
44
28
141
61
92
180
105
67
21
139
179
196
60
69
84
52
35
158
49
125
161
16
53
111
73
143
123
99
54
128
66
43
112
34
46
181
137
144
152
6
174
19
126
160
10
27
190
29
120
189
5
59
164
8
134
18
157
14
195
135
107
65
183
168
163
116
76
45
127
149
7
22
192
113
151
162
121
30
47
42
90
91
71
86
110
36
79
24
33
13
80
100
103
31
106
77
153
140
119
186
109
171
169
159
85
70
26
197
102
188
89
182
187
51
9
131
37
175
15
72
23
122
172
108
82
78
41
98
96
118
94
146
39
64
185
87
75
150
17
3
165
155
58
170
55
124
145
115
95
166
104
194
40
142
148
167
173
117
68
12
138
133
11
129
130
20
62
178
147
191
136
74
48
4
50
81
97
176
57
38
93
101
32
184
63
-1
EOF
