NAME : random130.863.tour
COMMENT : Length = 863
COMMENT : Found by LKH [Keld Helsgaun] Tue Sep  3 17:05:07 2024
TYPE : TOUR
DIMENSION : 130
TOUR_SECTION
1
80
46
70
92
111
13
73
69
25
72
100
86
120
31
22
101
4
67
32
116
42
114
94
129
53
84
110
8
78
60
85
65
123
43
19
90
2
28
33
55
29
6
7
59
52
117
18
24
105
109
35
66
115
23
56
41
126
88
124
36
11
17
51
93
57
99
27
58
45
62
54
50
34
38
77
12
119
71
30
15
103
39
40
37
83
91
106
10
5
127
47
21
48
26
108
82
64
118
98
3
14
74
63
96
75
44
130
121
102
9
76
79
49
61
89
81
16
68
125
112
128
97
87
107
20
113
104
122
95
-1
EOF
