NAME : random146.926.tour
COMMENT : Length = 926
COMMENT : Found by LKH [Keld Helsgaun] Thu Sep 26 17:41:54 2024
TYPE : TOUR
DIMENSION : 146
TOUR_SECTION
1
85
140
19
50
21
107
46
109
87
73
63
22
117
127
5
30
45
16
105
59
67
88
37
76
25
43
145
41
34
121
32
72
123
79
136
3
38
101
61
120
130
39
122
119
60
29
141
66
54
95
113
98
83
129
53
139
115
40
118
144
20
142
49
81
55
93
99
92
116
15
64
134
135
26
128
84
35
51
75
36
90
2
100
80
47
4
104
58
57
126
125
13
70
42
108
74
94
82
65
7
68
91
27
77
33
97
146
11
138
52
62
18
14
103
23
106
110
69
8
114
10
78
17
24
31
6
44
112
86
56
131
9
124
137
132
48
111
28
143
71
102
89
96
12
133
-1
EOF
