NAME : random134.879.tour
COMMENT : Length = 879
COMMENT : Found by LKH [Keld Helsgaun] Thu Sep 26 17:37:45 2024
TYPE : TOUR
DIMENSION : 134
TOUR_SECTION
1
40
14
85
90
116
59
109
68
23
65
114
46
16
55
28
97
105
34
80
107
44
81
11
79
18
41
117
108
38
92
78
4
45
83
103
111
3
88
2
26
70
94
119
73
113
19
102
110
132
8
134
99
124
25
63
20
10
61
7
96
33
43
21
60
115
30
82
9
29
13
126
51
47
118
53
121
24
39
17
67
15
32
5
87
6
131
66
50
36
76
104
91
123
130
122
48
37
64
95
127
22
56
129
98
62
125
86
101
89
35
31
69
54
58
77
128
133
93
71
42
72
52
84
106
75
57
100
112
120
74
12
27
49
-1
EOF
