NAME : random164.967.tour
COMMENT : Length = 967
COMMENT : Found by LKH [Keld Helsgaun] Tue Sep  3 17:14:58 2024
TYPE : TOUR
DIMENSION : 164
TOUR_SECTION
1
121
118
19
143
139
123
32
154
106
103
126
51
57
109
6
18
94
26
54
89
5
81
21
144
128
101
132
77
48
85
61
155
66
150
8
112
68
13
114
75
36
141
50
142
137
92
49
131
59
91
23
84
70
45
97
134
78
33
16
76
9
93
20
105
133
71
12
99
115
79
129
25
161
116
58
39
138
44
82
122
147
120
80
127
158
153
53
65
90
164
11
38
146
140
100
56
111
28
74
64
63
3
87
95
163
27
117
149
41
135
83
124
24
145
67
10
30
151
102
17
14
47
2
52
157
35
156
69
55
136
31
160
107
62
29
4
73
60
86
88
104
108
148
40
110
130
37
152
22
43
42
119
98
72
159
7
46
15
113
96
34
162
125
-1
EOF
