NAME : random163.988.tour
COMMENT : Length = 988
COMMENT : Found by LKH [Keld Helsgaun] Thu Sep 26 21:35:46 2024
TYPE : TOUR
DIMENSION : 163
TOUR_SECTION
1
51
157
89
123
119
17
42
88
155
130
86
84
90
100
4
132
152
16
78
72
137
48
22
57
99
7
36
153
28
40
10
56
128
43
8
114
29
14
95
110
98
74
46
93
49
156
102
143
18
82
30
44
158
77
138
121
79
52
68
62
53
47
133
39
31
73
135
45
134
20
96
109
122
55
149
160
64
19
83
159
105
148
116
60
112
129
67
12
142
71
2
117
6
107
115
139
61
118
104
5
101
24
11
97
92
25
147
70
146
91
41
131
141
34
124
76
127
111
81
126
103
65
136
145
80
87
32
26
140
162
13
37
161
94
106
21
151
50
66
54
85
58
75
69
3
38
33
27
35
144
9
113
108
120
63
163
15
125
154
150
23
59
-1
EOF
