NAME : random121.845.tour
COMMENT : Length = 845
COMMENT : Found by LKH [Keld Helsgaun] Tue Sep  3 17:03:33 2024
TYPE : TOUR
DIMENSION : 121
TOUR_SECTION
1
94
24
99
101
103
50
56
23
102
18
72
66
2
11
34
117
42
47
19
27
96
16
25
112
61
84
82
63
31
65
79
121
73
86
21
35
57
45
3
68
38
51
116
105
92
6
77
100
98
88
64
39
87
108
83
55
60
22
4
95
70
29
17
15
62
36
115
40
59
113
14
13
44
37
20
33
97
28
32
43
67
76
111
30
106
81
80
58
9
5
90
46
26
7
114
93
110
12
53
41
78
107
74
109
104
49
91
75
54
8
10
119
52
89
69
120
71
85
48
118
-1
EOF
