NAME : random175.1040.tour
COMMENT : Length = 1040
COMMENT : Found by LKH [Keld Helsgaun] Tue Sep  3 17:19:26 2024
TYPE : TOUR
DIMENSION : 175
TOUR_SECTION
1
138
125
103
106
170
155
111
59
152
62
16
19
130
78
80
13
89
26
88
149
122
110
141
108
41
113
172
21
175
8
95
40
151
58
10
71
49
33
57
47
28
137
64
92
73
119
107
2
51
63
104
123
27
66
31
116
25
93
157
127
61
69
9
117
55
22
91
24
135
7
74
82
94
160
90
105
45
4
54
136
32
101
163
120
154
83
164
168
142
161
15
30
114
79
148
38
121
144
169
70
81
133
174
34
17
43
124
115
150
139
72
67
143
96
50
3
171
97
39
76
35
44
75
109
11
159
100
173
128
29
131
146
46
18
129
102
37
99
132
140
14
145
147
77
65
53
56
23
60
36
68
126
118
6
156
134
165
84
85
112
86
158
167
153
48
98
42
5
52
87
162
20
12
166
-1
EOF
