NAME : random170.968.tour
COMMENT : Length = 968
COMMENT : Found by LKH [Keld Helsgaun] Thu Sep 26 17:49:20 2024
TYPE : TOUR
DIMENSION : 170
TOUR_SECTION
1
76
60
164
127
158
51
91
102
107
84
46
165
151
117
11
67
50
32
146
39
4
149
97
53
25
129
74
6
62
153
41
159
139
55
59
138
120
119
82
163
126
167
15
20
101
47
156
5
29
154
113
72
105
93
31
106
100
99
18
44
70
26
10
87
65
169
33
96
19
68
28
43
54
7
77
79
40
168
131
140
144
150
49
92
143
137
162
14
148
8
89
95
80
3
104
58
122
27
24
110
73
36
160
152
35
71
170
34
69
52
134
116
88
112
130
128
123
161
142
133
121
57
135
115
81
78
75
132
45
37
94
166
136
66
114
157
64
108
147
61
125
30
109
38
111
86
12
16
17
13
48
90
103
2
42
21
124
56
83
22
118
63
141
98
145
155
9
23
85
-1
EOF
