NAME : random161.941.tour
COMMENT : Length = 941
COMMENT : Found by LKH [Keld Helsgaun] Tue Sep  3 17:13:22 2024
TYPE : TOUR
DIMENSION : 161
TOUR_SECTION
1
23
149
73
79
118
131
93
103
86
137
146
52
17
130
119
7
16
123
102
126
42
56
88
153
21
107
134
121
61
96
44
147
4
92
33
116
132
8
64
128
114
62
49
29
83
94
31
9
82
32
14
12
43
30
55
60
50
26
59
41
136
160
69
105
106
154
53
72
95
84
122
36
99
47
161
3
71
127
80
19
120
148
68
155
133
28
74
51
159
110
138
89
150
57
27
81
75
34
139
87
158
125
48
63
112
46
39
67
97
115
65
140
151
104
91
113
35
76
2
70
98
157
144
37
10
6
40
77
124
20
90
11
129
18
58
156
85
135
45
5
111
66
109
145
22
15
142
38
25
117
13
100
141
108
143
152
78
101
24
54
-1
EOF
