NAME : random141.926.tour
COMMENT : Length = 926
COMMENT : Found by LKH [Keld Helsgaun] Sun Jun 16 18:11:41 2024
TYPE : TOUR
DIMENSION : 141
TOUR_SECTION
1
73
82
62
21
84
140
89
91
97
65
36
63
113
127
83
87
76
16
15
132
106
93
105
118
78
53
130
109
100
51
138
33
28
115
47
50
80
95
11
94
54
12
122
4
110
27
124
86
88
101
120
69
64
75
43
49
71
32
48
24
59
13
117
119
141
9
44
25
126
57
52
20
8
139
26
23
103
22
134
31
123
104
107
40
6
2
96
116
18
58
45
125
79
38
135
136
90
131
14
121
39
81
46
42
77
55
56
128
102
35
72
70
114
66
19
37
85
10
92
3
98
60
129
41
74
133
112
67
137
68
5
17
7
108
34
30
61
29
99
111
-1
EOF
