NAME : random129.900.tour
COMMENT : Length = 900
COMMENT : Found by LKH [Keld Helsgaun] Thu Sep 26 22:03:18 2024
TYPE : TOUR
DIMENSION : 129
TOUR_SECTION
1
107
39
70
99
119
12
63
65
19
108
74
94
28
60
43
48
2
115
66
22
75
18
101
27
104
73
6
114
42
68
92
4
110
106
9
33
34
128
10
81
84
3
116
17
67
83
126
95
72
46
71
69
102
117
54
77
56
52
90
93
13
86
111
15
35
88
79
112
37
31
64
49
105
21
123
129
47
91
38
45
59
61
109
113
24
89
32
78
53
82
40
7
16
58
14
62
51
85
23
5
122
96
50
124
97
20
8
55
41
121
30
29
57
25
26
103
118
76
36
11
125
87
44
100
80
120
98
127
-1
EOF
