NAME : random139.892.tour
COMMENT : Length = 892
COMMENT : Found by LKH [Keld Helsgaun] Sun Jun 16 18:11:05 2024
TYPE : TOUR
DIMENSION : 139
TOUR_SECTION
1
116
13
23
27
109
83
87
72
51
50
76
67
2
25
93
42
48
36
52
85
45
88
75
40
131
19
70
44
28
69
73
68
102
11
32
20
18
108
77
127
137
96
49
95
81
22
33
92
66
15
105
132
14
65
60
74
139
37
7
123
130
100
31
110
97
4
138
39
94
117
62
3
5
30
133
122
90
61
38
8
24
111
98
34
6
113
136
79
84
118
126
35
29
120
58
115
9
101
125
71
129
59
104
21
57
16
53
135
82
89
64
112
106
134
86
12
26
10
99
103
41
124
121
47
107
46
128
43
17
91
55
80
56
114
54
63
78
119
-1
EOF
