NAME : random199.1082.tour
COMMENT : Length = 1082
COMMENT : Found by LKH [Keld Helsgaun] Sun Jun 16 18:30:41 2024
TYPE : TOUR
DIMENSION : 199
TOUR_SECTION
1
19
159
186
139
107
169
16
9
176
137
160
68
115
187
35
40
21
182
175
90
198
124
84
93
56
131
54
180
189
172
31
12
170
79
132
46
94
48
120
52
138
28
168
22
34
108
161
141
129
156
125
30
195
8
86
142
164
136
105
151
165
63
73
6
66
178
166
157
75
57
5
133
23
83
29
103
192
51
194
18
14
15
128
109
69
58
134
85
191
147
74
196
44
4
127
33
98
173
144
117
96
150
181
81
116
102
199
11
99
65
78
67
43
118
184
185
61
126
174
26
193
42
59
60
167
171
122
188
64
153
140
183
32
135
88
72
70
148
177
197
71
76
24
104
62
101
37
143
149
77
41
121
163
3
10
45
53
114
152
39
112
92
50
190
119
17
97
49
130
47
110
36
179
91
146
162
38
95
89
87
155
145
154
27
20
13
25
113
2
7
82
123
158
80
100
111
106
55
-1
EOF
