NAME : random167.964.tour
COMMENT : Length = 964
COMMENT : Found by LKH [Keld Helsgaun] Sun Jun 16 18:19:12 2024
TYPE : TOUR
DIMENSION : 167
TOUR_SECTION
1
63
153
8
106
49
126
134
98
138
48
146
93
154
28
5
122
101
99
16
36
143
3
129
60
33
142
44
25
79
31
161
100
110
62
4
118
92
108
123
50
45
149
21
30
150
19
65
6
69
130
124
47
51
144
89
157
165
97
55
67
15
73
87
82
84
103
88
14
109
11
117
155
159
17
9
32
13
41
23
46
113
148
112
114
35
86
54
34
140
125
74
83
76
39
27
94
90
147
58
26
78
162
91
164
136
133
107
66
132
40
56
121
111
53
24
52
95
104
81
156
119
145
96
139
20
151
85
57
71
80
128
61
59
137
167
2
22
43
115
158
64
152
42
7
68
120
37
38
29
72
12
163
166
116
10
160
75
131
70
77
127
141
18
105
135
102
-1
EOF
