NAME : random119.803.tour
COMMENT : Length = 803
COMMENT : Found by LKH [Keld Helsgaun] Thu Sep 26 22:01:43 2024
TYPE : TOUR
DIMENSION : 119
TOUR_SECTION
1
88
51
105
7
72
111
118
78
40
5
107
54
27
68
104
103
16
13
102
37
43
3
15
14
29
26
66
99
101
100
55
22
31
57
76
42
98
97
75
86
63
92
112
113
23
96
65
59
71
8
94
25
89
36
110
53
119
35
82
34
18
4
20
6
83
61
9
84
39
93
79
11
58
24
87
62
10
33
106
114
52
21
77
19
67
28
2
73
115
30
41
38
45
70
64
44
69
85
108
56
60
80
46
50
91
32
12
48
49
47
17
74
116
109
81
117
95
90
-1
EOF
