NAME : random177.1035.tour
COMMENT : Length = 1035
COMMENT : Found by LKH [Keld Helsgaun] Sun Jun 16 18:23:19 2024
TYPE : TOUR
DIMENSION : 177
TOUR_SECTION
1
43
45
142
159
158
151
22
11
28
32
106
89
148
25
13
127
40
154
16
99
44
110
133
24
139
61
108
171
140
7
17
67
9
116
68
104
172
62
47
29
65
59
153
100
91
56
5
83
121
37
4
33
149
35
166
52
119
64
160
144
174
54
39
63
26
31
6
71
146
167
42
20
12
23
70
115
162
136
123
129
49
134
55
156
175
97
130
124
112
82
176
132
19
84
135
137
81
125
2
157
152
27
102
18
50
145
147
48
41
138
21
109
78
51
111
93
77
126
169
103
173
98
163
141
92
117
36
58
87
79
170
8
113
46
96
150
57
107
131
14
72
3
76
128
143
74
80
90
30
86
155
88
38
10
120
94
60
168
105
75
161
69
34
118
114
101
66
165
177
85
164
122
53
15
73
95
-1
EOF
