NAME : so_big_ins_random10000.719230.tour
COMMENT : Length = 719230
COMMENT : Found by LKH [Keld Helsgaun] Mon Jul 29 17:31:23 2024
TYPE : TOUR
DIMENSION : 10000
TOUR_SECTION
1
4813
9526
7050
6802
9573
8656
9027
8246
6435
5414
2134
9090
1043
7159
2372
6235
677
2181
6650
2979
8419
8568
9667
4025
1008
3374
8500
7796
3084
1894
1069
9270
6308
8541
9908
1828
8629
3934
3177
383
6990
4836
7702
8033
7120
9664
9925
599
5097
5654
9402
2493
202
915
8144
6672
5534
6873
2516
3012
5640
3167
1844
473
2596
3305
7201
3022
5331
2474
4595
4212
9789
5820
337
6203
5485
4746
8947
2973
6955
2408
4708
3241
139
765
9987
9351
6575
1124
4950
9498
7714
126
5219
6904
1137
8420
7251
3647
3471
6831
5266
2624
4598
1626
2197
6781
1111
3142
2462
8665
3038
4253
7995
6113
2510
2186
3971
1467
5192
350
8085
6215
4122
1770
5690
7739
825
577
1777
1395
1326
2531
5051
5424
1956
1155
7852
344
9449
9148
544
1180
925
7536
1928
8964
5803
354
763
7525
8684
7849
9285
2248
3054
8871
1639
9331
8552
166
185
1709
6566
2342
3724
9901
4787
8198
4953
269
7126
6560
8121
294
170
39
7214
2682
7206
6849
8323
5198
7866
4379
8689
9742
7683
8404
3782
6885
6592
6436
8035
7666
1261
1936
431
9658
4428
2490
6487
5330
7220
5104
2739
651
1649
2010
5311
681
6646
4156
20
8262
9247
2609
5275
5377
5430
7108
6100
9392
3208
9544
8134
7661
9106
8424
4803
1419
3651
7231
6667
6778
8988
3183
8990
2219
631
2267
6760
2470
2846
576
4341
2454
5741
6022
1489
3811
5135
7497
5816
179
4126
4933
5960
3600
14
7234
769
9945
5749
280
3588
7491
4432
7024
5232
4466
8886
9224
1266
3414
6859
7940
821
9487
8395
414
1335
3035
367
7033
2895
2692
3343
1705
8840
8154
3179
8280
8449
9720
770
730
6815
9456
4939
468
6485
1860
4255
7707
2907
3676
4548
7824
2585
2850
7473
8143
6099
7186
1433
3870
2215
9475
3875
5546
6563
3961
1922
4402
4759
4900
1188
5530
2656
8780
3562
6300
6342
4115
3251
7524
754
9176
9747
4831
6907
6220
6001
9729
8614
4461
8018
823
3844
2641
8223
7655
6347
5478
3958
7528
3342
1618
4231
5994
2932
7759
9134
5770
1480
9054
1351
4517
4183
3091
6265
4877
4161
5017
1524
781
526
2050
2226
4573
9367
9401
9879
8660
3428
5292
8230
8716
6491
4913
713
3400
7973
1159
9770
3879
694
3240
6919
9421
9375
9960
9130
4530
9051
2784
4158
2943
5808
1418
260
2733
4940
9050
3274
3863
9927
3828
8118
9821
3611
6463
639
3678
9860
6593
868
1254
6012
7047
5290
9818
8702
6514
701
6536
6626
9030
3455
1511
9265
8355
9666
7385
4608
5159
5295
3759
2154
9884
351
7561
4175
2471
9081
5432
5687
8931
2972
4173
8787
8801
9576
2845
3668
4414
5939
8208
9793
5286
7391
9794
804
6449
8366
1767
8853
2122
2802
9142
578
5619
1999
1772
7128
108
310
2396
8582
1448
9566
3429
3905
129
4545
4000
1722
1102
17
8693
5914
5372
7958
731
7291
7149
9329
6027
7185
2337
5498
2526
4607
2775
653
3913
1991
854
7580
9204
5847
443
3975
2321
3191
691
7874
1128
4706
2496
662
1109
9105
8826
1236
8400
6686
7388
2163
5261
9893
5746
2623
1169
8724
4497
4698
7055
3303
8006
1192
7487
6926
1146
9144
6187
7776
8348
6737
3856
8855
3689
3838
1072
8999
584
1870
7225
1278
4570
5050
8003
7993
3249
2852
7393
1340
8775
3896
6950
6508
6752
6822
4292
2893
8822
6699
8804
3862
8644
3954
76
1229
5226
4841
6005
9556
7599
2988
9103
1281
1583
829
7876
3246
5772
1971
1904
5217
6939
3680
1763
26
2329
9739
762
2400
4467
4635
3398
1881
6506
83
559
744
5185
4843
2214
3966
5804
9997
4317
8509
7548
296
4170
8264
4717
4924
6370
8841
9440
4847
7304
7353
2018
1031
8527
3632
567
171
5571
7773
9890
2100
6723
712
8096
7818
5620
1506
2007
6753
7267
3616
6181
4417
2610
7117
5648
9503
7987
9343
8987
6078
8441
285
9599
1017
3805
6706
9894
442
7804
2923
7660
7718
4437
1477
9633
2064
4811
872
7502
9924
3519
2869
1253
4429
6519
1215
6851
5282
5111
9736
4194
6085
6075
3694
3612
8575
4952
8499
8304
7
3267
2309
6289
4808
4970
6226
248
7826
2105
4035
9553
5506
9574
4479
5264
448
8770
6582
657
6501
1465
9978
530
5321
9436
6088
433
1512
4329
6074
9319
7680
6070
1964
1263
2848
1041
7583
7212
532
3645
8119
6924
6408
985
6636
5148
1555
4270
927
6555
5946
4119
7098
5652
2798
5872
1567
9942
9504
6839
3086
748
2066
6471
6002
5351
6880
1130
8764
1248
1882
4735
4236
5322
7362
3110
9138
7938
8622
7492
4096
8040
1003
4337
3891
5616
7181
9442
1887
6711
3229
9956
6621
4734
6649
6961
3542
1595
7766
2900
2962
4321
5976
583
798
9380
6530
1120
1636
8484
9545
246
4330
4193
7376
5102
9722
797
2466
6422
7274
855
6431
4271
8870
1083
214
4083
4295
84
7883
838
893
4663
9195
4547
7634
6717
1462
5152
7865
8540
9719
4005
2222
9733
7586
8534
3951
9563
3412
8722
6705
4054
3250
8451
2166
3042
2800
9520
9776
9079
5834
6341
5155
8624
2511
5599
5660
5065
2152
6276
8827
5479
5513
6553
3878
6933
4993
5544
2362
3509
4508
1966
1427
3192
8652
9345
1416
5426
7122
2036
3687
6346
8672
7552
5080
3656
8960
5583
6617
401
6195
5141
8456
3389
2899
4171
2265
1443
4044
172
1746
3194
3808
1925
440
5823
2520
5445
5316
7564
6941
3000
3537
6162
223
1929
509
7061
6036
5525
7387
5070
8917
4496
6861
3622
1108
4110
475
5948
6330
922
3627
3636
5411
9500
4792
2303
1507
4906
4137
1909
3440
9777
9495
7412
1240
2090
6118
2503
8095
8691
970
7639
2767
4505
4752
282
2360
3558
8275
4180
3025
3541
9060
4591
5732
8571
1614
6884
7904
604
2522
8021
342
8938
1103
6073
3292
8407
7277
6306
4748
4676
7102
4367
6526
5701
2568
8475
162
2861
598
4802
2875
9948
6280
3507
8491
5932
3779
9621
8536
791
8067
7378
9541
167
7171
6732
290
71
2097
9609
8743
7734
8396
1346
7406
1752
8618
4851
7972
6042
3995
9113
3367
5868
3237
7470
5633
8470
2081
5533
3707
4944
2787
2024
5969
1211
1989
6297
3018
4200
7560
7058
5922
489
9004
3371
2540
1893
8294
9481
2902
7892
1833
1286
8686
2904
2347
147
3575
4697
1571
2603
2762
7112
5537
7428
9208
7957
1029
2053
8030
3557
4893
9403
5116
8595
8706
7799
3276
1892
1279
8048
7855
2206
6077
3854
6371
1318
352
9581
4931
5127
3667
844
7810
4371
8674
256
2732
9466
6393
6268
9461
3762
5655
8340
7282
1758
8100
9294
6117
7845
7638
4300
2497
6121
8767
218
8337
1302
6024
5743
9749
711
608
5161
9637
5475
3501
2810
5472
4650
3720
1123
9871
1284
7637
2286
8370
2618
9129
7590
8258
1570
9259
2121
7328
3182
1608
4075
1110
8900
4774
7540
3372
9910
7627
7780
7245
2379
7705
5500
9528
1521
7180
6241
3544
34
3976
1600
9431
2786
4421
5801
2675
8806
6992
8204
1313
5830
8602
5824
2792
9409
9534
2324
7233
7685
7861
2760
1355
2002
7396
7071
8248
1523
8587
3515
4587
8148
279
4020
9913
3852
6383
3138
5677
3300
8836
9337
2426
8809
9210
1209
195
2484
4476
4659
6993
9349
582
8482
9297
2374
587
8244
7167
8047
901
3802
9964
6903
5271
2551
9577
6138
8834
3693
91
5967
3804
9906
871
9479
1535
7413
534
7136
4065
7841
3722
709
7691
4412
4373
803
6640
2143
7833
3908
3189
8881
252
3606
8600
4866
7139
9116
1442
2541
6404
1552
8769
8888
6327
4880
8024
1947
3900
2061
5943
8283
204
3089
7424
2632
2821
8788
3160
422
1199
6249
188
7072
74
8221
2705
4702
7724
3520
8292
6091
1538
5575
6963
7115
8452
7700
8442
9344
8403
2207
2619
2999
1020
2847
9518
5205
5010
8643
8301
4184
5476
9865
6722
7457
4243
7402
3533
3873
2204
1791
2963
9254
2562
8778
4203
4590
8715
6683
9923
685
6045
6381
2987
5663
4325
2126
402
2423
8188
3040
8329
3751
977
9702
7351
2855
67
2136
6143
9018
4288
4058
1835
2961
8749
5876
4376
8377
8667
3706
3361
4824
8036
7469
6204
8332
7456
1415
8226
7514
7300
6382
335
7585
216
3973
6749
2390
9745
4439
245
5784
8467
3359
800
3892
7361
1785
1684
3395
6777
9709
7800
2173
4718
6207
8265
6277
385
8001
7805
3115
9651
3380
7365
3135
1277
136
7326
5928
4498
6053
9543
2119
2307
3536
9446
9537
3696
2707
5965
4210
1396
6200
5419
848
7889
1242
7012
8734
371
5728
2661
9057
6350
7177
3888
7405
2478
4052
6066
4647
4672
9717
6703
4837
9935
4449
7336
9189
3473
5277
6331
6780
7242
6046
7478
9077
7679
419
6275
5057
7813
7475
8904
9501
232
2417
5651
9256
2945
6176
178
9837
2702
837
7004
5318
3313
6917
5335
1054
8741
4949
3581
499
3658
9045
3825
6262
9426
9579
109
5528
5121
2407
4482
7768
9489
7421
9671
3406
1037
2243
2736
4348
7010
2131
3066
5765
1821
9295
1353
3161
4475
7968
7980
3640
9926
1166
4411
7921
231
6977
3671
5573
539
6214
9760
3548
1382
6254
2944
3560
5495
6647
1289
8357
7669
7246
8968
4451
7132
6
8178
4191
8944
7481
2332
1235
9991
2657
7486
7062
2401
8356
2957
9649
1051
1145
1227
8533
261
7716
249
2000
5004
4662
7135
1299
6827
4055
3027
4098
7542
7489
9929
8866
9795
3308
8458
8014
4043
3173
3555
1439
8164
9250
4533
9416
373
2699
4148
4885
4019
6522
1605
5209
1220
9932
9076
9510
8051
2892
8577
5002
8423
5793
2327
3437
2190
2616
5151
2813
8659
2444
8381
707
6630
8664
1613
3832
430
995
6764
7066
1897
6614
5327
5656
1403
3823
668
160
6071
1171
6619
3841
5118
7894
8448
4114
3827
9699
6883
1241
1232
53
6119
7785
7506
9042
3109
8850
5315
4218
5859
8141
6296
9251
2247
2504
4149
1324
6978
197
9802
885
5870
3840
3573
7016
9188
4699
5828
3646
457
2083
6877
5780
6929
796
6025
2529
7867
2613
4757
2935
3152
376
8197
9369
6247
6263
6542
5920
2873
2655
4883
9034
4090
3769
3181
8992
6673
3477
7368
6785
6867
5789
7107
1823
3619
4964
6968
5774
4189
6082
3881
7608
3418
8122
7925
9707
3088
3214
910
9043
1539
856
1582
94
4868
2734
6915
1257
3772
9372
9944
3301
3745
2139
9067
3072
9399
8389
2729
5033
1962
9427
2161
5814
1891
9788
4490
4997
6721
8473
1811
425
9855
916
5714
7005
795
7333
5683
6441
733
7454
349
8140
8808
386
8596
5924
1013
8688
1383
4117
5392
6116
9087
8444
8847
6373
3420
4109
6184
3748
736
1141
9972
772
9620
4041
2928
7675
2233
3806
3001
1092
5133
5906
8089
4602
7313
2263
2565
9005
4118
3717
5547
8349
7509
325
5974
1107
9869
9099
5570
7363
5332
2687
1034
9507
726
3196
660
953
6949
4892
6615
9800
8858
6050
155
7003
7632
8707
6412
6339
6934
6578
9989
3287
5272
7261
2328
5142
2629
2726
1668
4320
9122
9156
4356
6666
8485
6940
495
2555
3452
4488
7517
5647
4982
4368
4060
5101
7283
4465
5614
407
4579
8398
2156
3474
857
4895
8012
3904
2683
1742
8952
1793
5298
1230
3273
9245
6756
5919
775
8638
7192
648
1491
3809
50
3479
3803
5897
933
3650
7794
6520
5444
8605
4983
2198
8745
5813
932
492
2797
8428
5589
1339
8160
5527
4961
7142
3113
7119
3187
9949
2668
3618
7440
6101
5549
1057
1640
2385
4529
4216
3351
3634
5692
6612
7817
3391
9093
4721
8874
4396
7588
3432
8213
9625
4186
4062
6430
5805
9290
120
1867
1406
8273
4151
3955
7347
3710
8971
738
8887
2288
6678
6634
3510
486
5103
5378
201
9301
2250
7658
1393
4623
8483
8713
6228
6479
5359
7320
6813
1495
4085
5157
1719
1981
4050
2955
1422
2304
3630
999
6267
6011
454
340
3876
7339
2769
722
5829
5353
9214
3783
2411
527
1579
519
8342
4668
3819
1496
5978
5480
8416
124
5396
4179
7534
6171
3169
5189
9219
1314
7760
7822
3017
3990
3005
9280
393
8170
6743
9299
5916
2164
8120
718
8621
5747
7837
6105
2554
7367
7411
3833
940
1905
268
2652
9856
1963
8763
6962
8831
4046
2117
7311
3141
8753
3347
7592
511
1330
6869
7965
3268
9986
8573
8883
6574
5984
8994
3850
244
1441
7262
8037
2338
9025
9829
1592
8056
8547
8796
7028
3538
5944
4763
6340
952
441
7293
4507
9844
962
7533
5899
1569
4077
2397
7856
7936
42
3948
8830
1182
5925
8514
2954
967
5628
9703
5591
200
2421
1773
8394
4343
4804
483
5464
8189
4495
6937
2437
3030
9858
6745
2035
1294
3799
1401
5912
4854
1310
4086
2505
4265
642
212
5067
3603
4120
5781
4765
7671
2640
9911
5030
2615
8792
7643
2387
2057
6896
2676
5244
5465
7678
1094
2415
5257
2284
3780
3549
9953
2561
4491
114
1599
839
897
4264
951
3278
3259
9104
3729
8436
3821
3927
3858
5314
5156
3008
6677
6205
4484
2078
1245
3674
2205
3514
6185
4480
9525
7688
5068
4669
1207
9819
336
5698
9807
3599
8590
2948
9024
1186
3316
387
1234
3039
317
8677
29
1176
633
5718
8636
9096
5085
9463
7057
2626
4208
7172
7330
5863
3186
1048
840
2405
2065
636
882
4620
4190
4696
6823
9281
5046
2499
8956
6273
5420
5308
3348
627
2085
2108
5515
8856
313
6239
3047
2909
7728
7614
5323
7769
2583
7722
5556
987
888
3889
3329
3330
4275
9663
1616
6580
186
2114
8450
3482
6318
8305
2604
1760
4919
8957
1973
5407
5664
9202
5048
8997
5496
7549
356
8498
4777
9482
2313
2984
8376
6874
3621
9008
594
2404
4742
9022
462
7888
6586
1597
3909
9155
9950
1707
4575
209
3551
5200
1193
1262
7902
2768
7579
5936
4045
1291
8608
5736
1161
9582
1321
3742
5368
8759
1930
972
8437
6068
2811
1218
6662
131
6692
4732
5468
2221
5342
1058
6577
5499
8112
8620
7451
9377
4146
4894
4850
5854
2175
4029
4747
7619
2300
3413
7960
5435
6513
2013
8522
9550
8825
5488
9473
589
3427
7704
2349
2840
8158
988
5301
9575
9985
8127
5644
5849
1920
4066
4571
8084
3924
9374
603
40
9137
7275
1487
1965
5131
6014
2443
1131
6814
635
8972
9718
3496
1134
8211
4089
4354
175
4588
8501
2409
2112
9624
9676
5501
5605
9358
4968
9506
1810
7674
6018
8388
7735
137
455
2412
7744
969
7144
6910
4261
3463
4725
7601
9246
6031
7087
3062
6533
4937
6166
4782
1049
4751
8459
2749
9531
6728
9611
3704
5517
1404
617
8136
2008
5610
7587
5659
3525
6944
8065
9199
1551
9862
105
9668
374
5941
7433
5186
4384
1011
3376
9592
7741
1974
9379
5686
8859
7651
6062
7338
9277
4695
945
7900
4926
3349
9691
2515
4612
1421
7145
3524
4013
8430
481
5345
88
6170
6695
7222
4786
6552
4857
8829
8113
1986
8008
5237
3403
4147
1376
7271
1170
8049
474
5122
989
2491
9223
7677
3810
2259
619
4392
6474
7113
3202
3887
3269
9353
2950
6003
6850
3786
327
5768
7808
949
4976
2674
2331
8300
8975
8169
9610
3940
5838
8097
7726
2133
4088
7830
6637
121
1407
6660
6490
1185
6442
8544
4856
8156
6129
1437
8607
2952
417
3826
3032
1637
409
6811
3982
8506
8563
1886
8434
1594
8819
6528
4715
4797
3059
7205
3134
6407
4660
5806
9385
686
6712
8350
4168
8673
3355
3980
4064
3928
9757
9354
7930
3368
2315
3609
7795
9891
4561
5039
3532
6285
1843
8820
2016
6493
3275
1908
5888
2098
4899
3197
3963
5147
5094
9117
9756
3590
303
924
8371
8106
3239
5469
1226
2980
9724
2575
8709
2239
1202
7653
1681
7633
8739
1086
6426
3353
6807
9376
5845
6291
6594
9761
9814
5362
6251
1210
7569
9619
4462
6483
7511
5594
4985
9669
7465
571
1720
7721
5204
4870
2549
919
5178
2184
7554
8924
506
2316
9231
5987
4948
3199
9235
5678
1370
9172
230
3659
1933
1724
5041
3067
4745
9177
7901
8848
7752
465
2745
4362
8594
3684
3122
5288
786
3045
9497
1672
5861
1303
7832
8880
4778
789
2832
6324
9758
2469
3880
1701
883
2933
6864
5021
3097
1112
7842
7848
9605
9517
836
8072
6477
6559
645
3571
7155
9999
6702
8082
5452
6860
3997
5576
4769
1178
6149
9264
2044
1021
63
1309
2202
9959
2455
5197
6313
1402
1501
6585
1282
6178
1217
272
9759
4984
6998
3781
550
6601
4826
3404
1776
7036
6131
6794
8953
4690
2096
5542
3898
807
4049
9898
9887
6459
7998
6344
984
276
2553
7985
8903
1190
6620
4605
1671
306
3736
9848
7827
5402
2063
9408
9572
6112
9419
7518
6352
2333
3377
4815
861
5025
692
6629
6857
8958
5809
7578
5427
6836
4540
7565
8222
9127
9450
377
390
6604
7606
5213
4733
5245
7268
7577
9816
3312
6996
3447
6789
4903
1903
1871
4525
2482
1674
4423
3317
4339
6684
1650
8744
9255
6932
7814
77
991
6472
2383
3767
1849
3967
3101
3855
1341
6013
5387
6970
5551
424
3675
4272
8472
3917
4689
5645
6155
2069
5590
4079
2746
4601
3824
7851
5869
3763
1641
6345
5622
4720
4990
8098
8479
2242
5726
1347
5750
3104
2971
7881
8666
742
2128
7244
1144
9601
2054
396
2223
7017
2283
4876
2005
1194
7482
2992
659
9055
7690
667
1735
4501
6153
1354
2688
4040
5662
4531
6193
2635
2413
5923
4494
3023
8813
3916
8546
5187
1424
8351
7213
8584
7751
8126
4701
1941
239
1375
4113
3272
1323
4842
1432
2115
2196
7341
8362
8795
7594
1661
4346
3318
3795
6164
8312
4167
5600
3815
8704
2851
1471
7684
9141
1559
3489
1662
182
9806
9580
3777
6151
6237
9532
3129
4391
8344
4583
8092
5873
6272
7429
2862
9567
3970
8930
2572
4100
1213
6028
4071
4539
6380
5193
5602
4262
9499
3764
7996
4306
7895
6284
6232
961
6351
1519
9242
5989
3737
2257
8000
7089
9975
9346
5731
814
2916
9710
1140
958
8993
6248
7966
3401
4875
9735
4196
9311
9783
3147
4057
5734
3935
6466
785
4345
8518
9207
1445
1526
2878
5036
7054
9257
1336
6460
8758
6281
7426
3195
7218
542
2924
1394
1691
637
9618
1789
873
8490
6425
9395
3719
9905
55
9834
6607
1022
6876
7103
8185
1023
9941
8199
9886
6019
7467
1946
3859
6841
5522
7797
8882
6991
5832
6953
3070
2667
3914
8042
8220
817
1534
9002
2230
144
5382
9568
8272
1769
5694
537
5088
3200
2189
6089
4646
3565
9215
7009
3493
1337
9679
2287
4642
2527
7857
2034
187
1838
8446
3534
9693
4033
4034
7696
7950
5467
7359
6587
710
6598
2389
3882
7539
4581
1896
3073
6301
1316
251
7051
9181
9225
6309
9815
5986
1677
7095
7948
4878
2982
5239
6051
6713
207
5482
1786
5391
4201
8079
5810
8554
1993
3787
1954
3327
5146
4528
2296
2049
451
1297
735
5709
9657
9684
3033
8411
8735
2693
5388
1731
8570
2089
549
6416
4686
6738
4076
9515
4297
5661
1527
560
2804
5303
3723
9799
6651
8043
1755
7844
4431
3467
4793
1035
1855
3941
9166
5649
1625
7905
6257
6573
9232
1690
3903
5287
9335
3709
9677
5791
4123
8851
7279
3747
7350
640
4534
4920
3216
213
3311
5794
9822
7138
9098
6115
4416
2997
8954
9533
5518
3082
5429
6337
7665
3752
1796
8492
5554
4617
4806
5850
6570
1497
6806
1938
3620
4393
4925
2240
2812
7753
7598
6240
8545
6503
1651
8562
7712
2628
5982
9198
3470
5379
6335
2567
6602
2864
9591
7013
8781
1945
7546
6210
9483
2757
3078
9157
7983
7649
1052
2406
1940
5029
7906
8464
4056
665
4347
9296
1081
5170
3454
2986
5753
2535
1283
291
8690
5918
1411
2970
5022
9967
9058
9732
1859
9646
3502
6397
9360
3608
8347
4515
5519
243
5560
3360
8187
7141
5638
9163
3228
7114
9595
8345
4890
5539
3046
164
7523
6421
9074
7764
1797
7306
3319
3090
7085
5511
8186
1627
1622
5942
9737
1064
5730
9269
1621
5885
1532
3050
7374
7254
3643
6230
3293
6159
8948
3564
2934
5061
522
5289
8889
9338
1203
8005
4332
5063
3784
9300
5811
1514
5729
3081
3812
8911
6400
7668
4374
2826
5006
6948
2545
3131
6410
5676
8116
8250
456
5681
9508
1590
2968
820
9493
9070
6611
2911
6943
6642
6349
6556
9565
8821
5215
1768
2917
2138
6928
1623
5421
5754
8776
4652
480
3553
2171
504
8050
2514
9447
5632
1619
2539
2898
1359
8489
1466
4794
8932
2142
2260
125
7635
13
4327
1435
4299
8803
2041
2199
8815
2839
4011
6231
6899
8966
1847
1961
1942
8661
1875
3570
2277
1469
6110
4187
8798
5440
5641
1918
4381
1117
6809
2014
2605
292
460
1879
2056
494
3662
1135
4864
6905
8837
1024
2601
8478
7483
8791
1578
277
1070
3845
8810
8426
3243
5071
2486
9459
9445
892
6900
4023
7106
6336
3753
6452
1805
5095
7436
9146
3699
6295
9731
9032
4215
2070
3587
4245
399
6152
226
4932
936
9183
2975
9084
8233
4828
5462
2459
7146
3631
2274
2941
2249
8865
2074
4610
3743
5296
1148
8083
4586
7477
8321
9143
3670
6908
7215
5650
5446
8755
5763
6079
2672
1803
8912
359
7195
6830
5581
1683
3381
2926
6445
7179
8601
5565
5126
4844
9304
7471
4002
4737
9317
3972
6625
9490
3516
3393
8738
4403
8896
2361
7570
362
5074
3326
452
9697
3760
5112
9314
1364
1635
9398
5716
6544
9162
4523
1503
8558
1298
6418
1463
7289
8782
5166
6017
9864
907
4861
6188
7956
1703
5143
6960
2094
1296
2495
4998
2761
7348
1615
6871
1634
3227
9797
2292
5717
6742
3337
2518
525
2293
1239
2354
4564
6740
3574
8750
981
8285
3060
3839
7515
745
7286
8901
816
7022
7942
7689
9430
6139
1591
1762
8034
4441
5949
6746
4975
3715
2645
6322
3871
3325
5611
9334
9638
4796
1453
1206
1015
8209
23
5231
8737
2741
9992
1315
8950
8974
6243
9779
1408
6766
4820
6763
3221
6690
8921
2664
318
3125
1352
647
1926
6546
6879
8142
9013
5971
6847
5990
8107
563
8267
5597
7360
1267
1836
4707
7526
3205
7318
6218
8480
2238
699
6211
5757
2536
7605
6444
11
8920
6820
9094
2427
4015
1702
8676
2093
1800
2306
9714
5060
9655
8611
2102
2489
8497
7890
8902
2679
2766
918
1090
9907
4112
4239
5348
7316
5306
799
3512
7239
496
4107
2538
801
9193
7092
289
9828
2680
8789
5715
4434
8892
5019
3492
4645
6942
8382
1737
2157
3286
7530
2737
6374
9548
1468
2320
9861
8129
2262
1300
4152
975
9064
8890
6720
2843
8139
8041
270
6355
2533
9378
315
553
9752
9069
6834
1045
8152
3356
2261
9790
6819
756
3785
6524
7463
1317
10000
9730
6141
3697
9234
8550
3207
9200
5674
2182
5507
21
436
7913
4394
7571
4199
9850
5487
9713
4739
7143
1201
8269
4220
8687
9551
7416
9607
1629
1244
2310
9661
1714
6047
6270
3071
615
5497
2866
7563
2946
4626
6360
4361
1247
8361
6843
9492
7151
1624
9606
8103
7000
8979
8255
5697
3294
7623
983
1572
4144
3718
8007
3556
6623
2377
9031
9324
8335
4565
1798
2434
1136
8358
1179
8648
9866
6655
2451
6969
6310
7386
9934
1790
558
503
9973
321
9425
4627
4143
944
9836
9767
715
8703
7558
6095
6209
2903
3911
1647
5727
1759
9318
9007
9594
6750
7288
514
4385
9415
9868
1305
1414
7389
8699
2345
2275
8811
5486
1873
184
1499
1377
6972
6618
4756
1673
4543
8922
38
8748
4409
1187
1265
5270
3223
5695
4359
5075
9590
6554
3095
652
557
5442
5905
9460
9608
3190
1757
7781
1715
3938
5702
5474
6770
9539
7235
616
6872
4094
802
2993
1196
3105
2708
7129
8525
3897
5980
1657
7819
4296
8094
153
4556
3733
6846
1517
705
6411
8238
6081
5412
7204
9652
4553
6547
3263
2476
7622
58
4700
1765
4551
9688
7357
5889
2431
2814
518
8368
4833
8013
2483
4257
7944
8961
4810
4241
7970
1950
7229
3766
7081
4048
8583
8617
9159
6675
6701
9811
4069
3945
9418
9271
4092
6357
6148
1837
8846
3333
1575
5505
2977
1258
4559
3765
524
3711
3435
5238
5436
9405
654
7581
4259
3734
3289
1273
543
8742
2334
5201
7373
4711
2612
6895
119
602
9321
4631
1704
1788
3096
3513
2805
4654
8669
8977
1868
704
8057
6145
2188
2959
1589
6496
2244
6124
937
2399
8174
3153
7046
8654
2528
9965
3933
3157
3847
6399
5123
3357
7137
9241
7911
2607
1852
308
2051
7535
1726
2120
9970
5069
8730
8240
4897
9135
9196
6103
3788
2744
7757
3144
5856
9191
5015
3614
6366
6696
6921
1097
8926
4447
5176
3011
3853
5357
9880
4790
5084
323
2289
7941
6064
3364
2348
2192
7026
5190
6838
8453
3074
728
4558
1602
2012
2771
6312
490
134
4829
1795
7018
8069
8384
3485
2569
5139
2191
6517
9268
2174
4800
5853
9813
572
3053
5087
2544
8508
8835
7743
3849
1864
8257
3899
8916
3851
6206
8218
8180
9017
8236
5852
8783
3950
4783
3211
1372
569
3130
6008
3629
5815
9642
1378
1429
9647
9857
7466
5098
2691
5188
8845
5220
4519
6535
6179
8766
997
2418
4312
6359
7815
9936
8910
573
6302
7077
87
3775
2480
2071
4293
5855
2886
5627
1044
3624
4452
5438
4386
1486
9038
4287
7731
2949
8153
7484
9883
2586
6821
4977
1730
908
8074
225
8752
8543
3857
5297
9303
5720
2918
4816
9128
4615
1943
4954
7596
607
3550
8701
732
2576
5760
4160
148
1488
7740
9126
7945
1996
5543
7828
5401
5341
1373
2642
4315
3962
6364
7196
5415
6378
1250
1982
7011
3822
395
1845
8418
4398
5612
3774
1216
9006
6497
6975
6225
2145
345
7573
6800
8276
7927
2558
1544
7501
2498
8341
4555
173
2894
7922
4198
8849
3936
1834
7697
6525
2597
7147
8965
2021
5344
4308
4022
7297
9132
3010
9725
8159
6793
698
3344
403
1493
5767
5883
1545
2958
9562
632
8063
2995
4456
4260
1237
9352
6507
8777
7154
1890
8286
3119
6043
103
8192
8510
9596
5508
7884
7885
7609
6446
7169
4741
1611
7839
3416
5887
6545
8658
6495
3261
4743
2028
1562
4910
3487
9266
2234
613
6549
5058
4673
2488
3932
5180
6543
3175
4469
1459
2159
1430
2088
1969
1474
3860
273
1125
85
1328
1992
4518
7080
9645
3193
2351
2780
8471
7984
1475
4582
7899
8245
6020
7468
7880
7532
9488
9687
596
8761
7717
4017
7863
7273
219
8641
521
6390
780
7990
3346
7870
5367
1670
8046
5389
1446
9001
9063
7988
4305
6878
4762
7270
9616
7420
6287
1055
444
6769
8521
3159
9854
9750
2942
3015
1781
378
5951
1960
1028
1344
1087
1706
5263
9597
1204
2783
6945
3793
1980
4425
2669
4840
968
4360
7846
278
3661
6638
1014
4522
9462
7401
6985
7873
5684
9780
7943
4097
3837
2978
5998
3310
4319
680
3235
4653
7550
4846
3959
9291
8530
2985
8080
7630
6199
9962
9029
8379
1268
6837
9629
1093
2038
4577
2525
6365
4383
7920
5251
7048
3226
9569
7872
9961
1078
5078
9889
6415
6093
5755
3058
8325
7723
973
9695
8872
1921
4310
6403
2793
7435
5309
7221
5563
5171
8316
5109
9131
4992
3176
7158
7038
7792
7503
2295
287
5634
6402
46
5895
8773
7508
9909
1451
3836
3339
8460
7547
4364
790
9838
6386
4464
629
9178
161
1955
7249
8232
3232
8288
5604
9263
3256
4074
8408
6434
9870
3968
3698
4943
4214
3099
9634
7871
6931
4677
5172
6401
4155
4909
7190
1542
6664
3164
4369
4989
5175
2939
9755
5130
5491
8978
8768
1566
8237
2600
4500
8718
643
6518
4211
5842
3539
6298
3009
562
467
9279
3238
920
2072
6126
15
6936
2801
1481
1688
3433
1292
3749
5719
7850
9875
6146
6681
1585
9125
5725
1149
6134
484
3776
2118
7693
849
107
1301
115
4510
592
5673
1290
4560
9123
6368
4963
8725
348
8756
628
9315
3075
5100
505
8873
9748
5587
7500
4657
5457
7788
228
102
9258
10
6304
3056
3886
69
3266
948
1676
3139
8496
5418
3323
1490
5128
9672
1911
1944
3244
2791
9895
5707
4410
2111
9614
1546
1874
8200
7698
3224
4629
9996
2765
140
8771
771
363
5310
4284
6597
7672
1652
9478
5400
416
3957
7314
4749
1255
3830
2079
4980
5796
6658
5862
1588
9689
7742
8374
5504
7964
4309
6348
1358
9276
8432
3322
9773
6236
7544
6083
4237
8640
9535
6385
1710
6527
9706
3848
8195
283
717
4538
778
9833
9977
5293
764
3143
4643
5174
3964
1075
9899
7869
2614
6771
5390
104
3457
3572
3394
1515
7446
978
33
5304
3584
7762
463
4227
8539
7182
2579
9289
5279
135
4111
6616
5120
7699
8619
9930
2684
2380
2271
9205
2930
1540
6916
1713
2700
3265
229
6670
8326
6290
3334
5408
7975
3248
8228
1846
6974
5423
6643
8914
9182
891
9080
8297
751
669
2665
7933
9644
2213
68
8839
3939
7932
4372
2593
28
2671
2912
7130
859
3087
7567
2795
2438
7513
3690
7829
3453
4771
2394
9147
4872
1397
3026
7052
1872
9583
3893
6534
3085
2144
7226
1850
5737
1287
4898
4817
2879
3136
3649
1819
4095
1457
4195
818
1727
48
2662
5056
1139
9249
2060
2432
9698
7354
7203
9441
6744
7264
8087
9639
1604
75
6935
6292
6420
4125
6741
4917
2047
7340
1516
3625
8465
7200
9955
4047
1923
4169
4764
8729
750
1659
9062
5908
1012
6125
4279
479
9496
6072
3740
2822
6320
8346
6311
2566
297
3411
5553
4176
8468
5826
5667
1648
1085
6009
1198
4987
7620
9659
7355
5461
7276
9623
9738
7043
5369
5626
6840
3264
6892
5524
2129
3535
405
1754
7049
450
314
4928
622
9682
4103
1233
4825
4024
7364
1062
5313
3494
5625
6882
7494
7803
7736
8876
4521
320
4268
1885
2532
7127
4008
4426
8271
8976
3739
9136
6988
6096
9980
1573
168
7479
7409
5458
7488
2467
9849
4969
1119
9897
1392
8642
438
2378
113
6343
853
7075
2563
1386
6021
6613
6912
9728
145
3978
7521
7023
4599
8310
7278
3989
1817
8566
4683
5072
439
6983
2727
9432
2747
3974
8779
4860
9470
4230
666
3350
1953
4971
5154
6548
3462
3831
4240
2153
3458
9754
979
1723
2043
9049
1744
9937
6571
6980
8317
9072
597
1642
4311
7976
4073
1095
1927
9772
2357
1223
8542
3296
4688
1004
620
6981
5595
9164
593
138
7644
5089
9617
7152
6035
8093
8854
6567
3949
2314
8507
2464
4986
7923
5836
3417
7021
1518
1808
727
1711
4053
7909
3912
1680
4129
157
3773
9547
1362
8290
6995
1917
7798
5931
9010
2254
1164
8253
2358
1219
5223
2067
2430
9845
8405
6920
8242
5703
2167
7418
7084
5471
6952
4377
7344
9222
9784
4408
4544
5759
4221
7415
388
9564
7321
5114
9660
2580
6733
7607
6029
7499
2301
6182
2796
1009
8553
6966
1121
8655
8899
5797
8653
3758
8443
1472
9552
8505
493
3895
8124
9465
3596
3408
5966
9424
6107
8864
2025
2931
5173
8923
4323
7593
793
1325
6826
3716
923
8145
1089
5184
8004
4651
9825
5512
368
5535
7553
5708
5879
6786
3148
833
7709
693
4905
5653
7379
2446
5902
6844
3794
429
5431
2113
9348
6569
2966
7007
2598
9272
7156
9227
7555
2465
4736
3580
3801
2829
8149
304
7939
6489
5093
9368
7648
8494
5579
6256
7474
4616
5252
706
6509
1865
9523
2759
3052
960
4401
6795
8179
8157
2550
4370
9040
8529
5302
5317
3258
8983
2228
1912
6314
7777
6784
586
696
3345
8311
6816
6234
2524
6223
5992
2877
2828
4619
4042
1520
3120
4504
404
1631
9919
1610
6213
5162
1533
8695
9384
4039
3730
6133
902
3262
8934
4430
6891
9787
7568
4338
8728
3660
9863
208
8303
3469
809
8588
7640
6026
9859
6791
6174
299
3641
3210
5710
5972
9330
8710
7380
2573
8315
6413
5140
4453
1312
3867
810
3952
9184
9228
700
1771
72
5724
7967
32
7247
4140
9888
7811
831
6693
8524
3254
2763
2150
7086
3626
4882
9308
7641
9685
741
9680
7652
3771
1038
5214
6505
7756
8019
768
3245
3692
2644
4568
9111
4758
3498
9839
4973
1739
2246
7105
1464
2382
8941
9173
2754
4916
4960
1444
4951
2343
9213
9805
7667
2048
1899
4918
4979
6034
1252
5138
445
1371
1633
2901
3114
2860
7327
5043
4527
5470
2937
7916
7955
2217
2441
6233
7342
4942
3996
7272
1939
3080
4710
3332
4641
1175
411
630
9743
2440
6762
1195
8915
6999
6951
5169
649
6168
2908
1689
4514
7994
8551
9469
8785
3528
6540
4470
5875
3309
2305
1334
9993
6510
211
7404
5523
7295
8330
5955
5
6443
5858
2297
4978
5596
1561
1322
2270
6293
2220
5108
7719
5179
4674
8526
3648
1154
2241
6396
8386
6227
6568
364
5073
1815
2232
2778
8306
3985
8054
4124
5343
1877
5742
4884
1995
2689
1101
8219
183
3545
6494
1071
9474
9509
8657
9390
9044
3442
5260
12
4468
9293
7256
9711
3691
8797
782
9422
3866
7576
1040
6476
1080
2104
8681
9723
3171
5132
1699
5744
4848
4941
7317
8266
9414
6173
4524
850
1638
7243
877
4153
7250
2947
7961
6429
3302
6925
5119
2355
931
7034
389
1577
4030
1801
626
99
3472
4567
9587
3315
1692
6541
2235
2685
1114
9808
2913
8212
7252
7403
7352
8998
4509
7443
7375
5258
5839
2162
1734
9505
4192
2149
8895
7309
4632
8367
3655
8068
6927
361
566
5195
7915
6186
1536
192
3953
957
6688
5250
7427
7981
8029
1150
843
301
9092
830
8229
5783
7099
118
3688
6725
8572
8360
783
1349
3813
6854
7954
6372
6558
1687
5269
8313
8308
3540
9998
2856
6055
6016
9016
2033
8205
7281
6959
1308
3155
9561
4727
3396
1783
2212
2794
3890
2591
5761
2974
5973
8385
5913
5977
427
4390
8115
8053
6458
5630
2178
966
1256
6216
5403
1390
1825
4818
1853
8512
1858
7198
4809
1914
1979
650
8102
2501
4454
60
259
224
2960
7210
5603
9782
1221
1660
5921
1381
5210
9571
1525
9244
1587
1249
9921
929
4766
7082
2653
7953
6984
1988
4624
2330
6902
8513
7334
7493
6259
9389
146
7349
7197
2938
220
6979
767
3633
2915
6529
3738
899
1276
6250
9278
2921
7422
3923
5040
3328
6258
130
7603
8417
6898
2888
4791
2346
1001
2068
9979
1784
2969
8585
7069
90
2755
2602
7265
5255
8649
3108
9133
7459
5206
3055
3341
623
6244
3117
1861
8569
8936
3057
5267
2577
9088
3103
9309
8678
7917
946
4593
9115
5688
9036
879
4127
8719
9641
4955
674
8746
4246
6049
7191
5363
4628
9316
3725
8511
4263
7616
7642
1454
5675
3180
1814
194
3016
4091
9217
5117
9041
5578
3255
3459
9792
5617
8402
4387
4994
6316
536
9026
3586
240
4958
2922
8918
5059
6092
4886
4938
5268
7838
97
5738
1436
1082
1066
8039
2255
2224
9386
5540
3083
4463
6922
1333
9170
7480
5926
2435
1205
3778
19
1907
6303
2461
8517
1675
423
6367
1596
869
1977
7228
5917
4289
8628
9306
176
6329
9662
7610
3944
6687
9957
7898
9774
8117
4667
8020
1883
5328
258
3872
4887
8989
9342
5441
1379
6685
384
3013
8754
9185
1574
8380
5561
4922
4658
3213
2317
4959
203
4436
5975
2677
2169
3486
3894
2208
3965
4433
3049
2055
561
4389
6622
5352
8422
4331
9179
5552
3664
6583
2356
5145
9362
5483
3605
4450
9323
6391
2637
326
8929
7662
9824
7410
2253
5851
7765
3422
3594
4502
4248
9917
3517
2709
1998
4316
7738
4209
1916
624
9226
7438
18
5509
410
8183
1924
469
9209
3770
2425
3409
4471
2559
6853
3817
7715
3233
1061
4911
4526
8712
4633
8252
5434
8981
8647
2581
9842
2788
3969
8438
3020
9139
447
2967
101
3340
7676
357
7656
1485
4713
9635
5884
9455
8391
2646
2782
5106
2082
8241
7878
2743
5191
930
6656
4274
5202
5032
3151
4185
7199
9995
3321
6438
9410
1039
8038
4238
9694
2140
8495
8202
590
3925
2442
3842
1975
6608
9168
9186
2663
7703
6437
2026
1778
8131
1822
8359
8967
8365
5624
906
338
35
7074
5124
9643
6729
5329
1970
2710
9847
4318
5034
4863
9307
9915
2557
9082
5904
8234
2633
8463
4576
2880
2040
5489
6274
6561
4485
3468
5945
5983
7928
663
2392
4664
8061
1158
9046
529
4249
5953
4435
3576
1260
9654
4174
7934
4458
1246
4007
5027
370
1369
6852
3884
24
4328
2648
8138
2494
8166
3431
5769
1115
2433
3382
347
9976
5168
9846
1502
7962
4010
5807
3546
4081
911
2560
3942
9701
876
6376
4929
9197
3639
7879
2282
8685
4061
655
3397
1426
1152
4867
4966
6147
9357
2753
9615
4719
6774
6856
3981
8191
5679
9938
8461
7258
8045
1951
1949
3044
4853
866
3920
2109
275
4082
2890
8671
8440
1138
4459
9786
8714
9648
8651
334
9555
7168
5798
6106
7068
5447
7476
4281
2059
8663
5841
41
2731
6828
7302
1854
3700
4078
1607
9831
8603
2107
54
4026
3566
5339
2622
7241
5521
8986
3792
7398
4116
6893
82
9947
4532
9325
1609
5177
5167
3499
8114
8639
6052
4852
4789
8832
7749
8162
5374
5240
3522
6596
8637
5354
1412
1669
4219
980
858
4121
1380
343
3623
8943
3331
1329
3441
4930
2341
5631
2325
6261
2512
5689
141
9468
6870
1959
5792
1420
2508
5991
3861
7076
2020
2370
3906
6467
5054
2452
708
8503
2165
2517
9512
8
3657
79
133
3158
9428
4031
1033
5371
4159
7562
3064
8762
5448
9394
6736
6375
5079
6454
6918
5952
3712
3295
8675
2714
5144
9201
670
5349
9391
6772
5833
773
2339
2457
1779
4644
4493
808
7625
9287
7045
9328
7455
3705
4397
2592
80
9584
2889
358
2806
5182
6010
2589
8455
860
5466
8925
2340
3288
5514
4188
6973
7458
5910
9454
2883
9914
6094
3123
6361
7496
8322
819
1447
2
7280
4223
2264
7449
6417
5324
2179
2101
2037
6221
4962
683
5336
1832
1189
2716
96
6714
2132
2151
4197
199
398
1238
9536
8026
7383
6433
5959
8884
8070
6645
5218
894
9061
7574
1983
5775
5642
242
1410
5785
3077
500
1073
7093
5510
1027
7030
4722
6087
9827
9480
3231
5843
6550
3946
5416
7444
6710
8559
4888
8225
4685
9514
3028
3755
3615
5541
6512
7287
6502
5037
6333
5566
8616
1738
6136
6283
267
2291
5398
1100
1018
9252
963
5940
1646
2092
8109
7183
9892
293
4027
9028
6409
8291
7770
1653
3907
749
2237
8708
7371
5358
9803
7460
4915
7750
1016
1863
971
1438
4537
415
2381
7392
9494
2819
1368
1857
7977
614
3284
3230
7450
4845
6044
6457
6628
8973
4304
169
6282
5864
3198
7202
4755
2885
4714
4442
2463
6448
3491
2588
1679
2326
6627
4342
4063
1553
5355
6123
5092
7778
618
5893
8431
8593
8101
719
3495
3291
6787
1824
1005
7840
2838
5254
3399
2209
2077
2547
7296
4716
284
8565
5405
3960
2994
5009
3068
151
8409
739
1931
6589
1157
6965
9233
7745
3036
8774
9670
7390
6599
6906
2453
2571
1431
2218
7111
3041
2022
7713
8580
4102
5608
9194
1050
1976
5680
7193
2594
5107
9832
5529
8111
7982
7992
3358
1272
9078
9171
1243
7853
3170
3902
4427
9843
6097
4313
3592
889
874
9683
7096
9578
6865
7746
7461
3531
5954
5671
8299
1666
6633
2578
1630
2519
8612
8477
7305
6032
6127
9312
564
4286
8181
8842
9472
7647
8772
9411
9066
2369
7628
3373
7551
6810
8877
2176
6668
5422
353
9753
6369
6565
2724
9212
4363
8425
5099
9516
7124
6997
1958
7248
6801
1269
1000
580
8064
9253
2009
6424
9086
1725
5930
2285
9484
3617
3285
6641
5929
4136
1655
950
4145
1452
4003
1440
8128
2373
7238
6323
5894
5996
5248
8814
1476
100
4457
9966
4512
9075
3217
6691
3270
8683
6163
5999
3338
6191
5607
575
3943
8032
9958
3559
1098
4014
89
3100
4618
5623
5550
6804
3019
6858
7782
3029
6059
6976
6475
6833
4164
4881
380
7507
8287
5615
163
2865
9383
7292
9826
3665
9902
6590
6080
3366
6632
9990
8824
2534
8076
8802
2006
1632
2673
1782
1174
725
8259
9963
2245
6557
1598
9882
1581
9952
6889
9727
9817
6398
9513
5735
2823
7910
5821
4087
3518
4472
7040
5149
6212
6353
8909
6419
8206
7165
7597
2976
5771
2403
8320
8270
3604
8928
2658
7999
9538
4874
942
4901
7733
6450
2160
4821
1663
9791
2200
400
1816
5299
4935
1522
3132
870
7710
956
2951
8099
5453
8897
2252
3750
5300
3443
8105
8086
2268
8406
7971
1644
2155
7064
2620
1160
1826
8363
5773
1869
4936
3242
3602
6765
7929
6023
6890
4609
2781
2859
9491
2834
6480
4834
6142
867
1482
6790
8592
4166
9830
464
1343
7949
1584
8295
3079
4222
1113
7067
9744
159
7175
6499
2319
9230
5365
6724
4273
322
2896
9404
1601
2395
1456
9785
2964
5787
4671
1425
4489
7109
1449
753
1603
6532
7887
4142
5018
4351
9284
7663
3320
5000
3820
9438
595
9903
7178
6238
6609
8031
9220
8254
1557
3172
5024
2564
6748
600
2447
4234
2670
4224
1059
217
2398
3567
8462
4503
9091
5216
2429
4562
263
4835
7236
6798
25
1530
8412
98
2046
9145
3814
9169
4636
3511
8520
2045
7029
5705
4692
5281
8390
8177
7748
1667
8519
7897
6956
4250
6157
2172
9365
7510
4492
2991
5693
1473
3652
9982
9359
3466
6086
2177
6759
4247
8378
3220
2715
8251
8427
7831
8327
2027
7358
7037
5569
3999
2391
1586
4596
4051
4344
4684
37
3761
3247
7346
4550
2365
4678
7027
6862
6004
9439
9003
391
5567
1654
1827
2758
3685
533
3523
6432
7335
6076
5278
9519
7821
4352
2273
3354
1417
4839
4563
5711
7298
5012
8201
4301
9640
7732
5337
3385
1492
9763
6866
1568
1617
5129
7464
2990
1678
5008
7621
9511
546
4038
434
5646
6881
4499
5593
7118
4589
9000
420
9840
9853
5962
4703
3992
7834
9283
3390
5723
2279
7417
7452
6470
1450
1839
7974
8696
3563
7101
1932
7860
6208
9109
6644
9221
7835
3937
6198
4335
7541
2183
7041
3449
4780
8908
1251
9158
1191
4355
4213
1338
4277
7919
9540
5460
5326
2017
4233
5911
5229
8996
1693
1002
6584
476
418
8980
6395
996
5752
3926
4704
2110
4258
59
6805
3222
4648
9015
864
3818
9275
7575
2266
3004
2910
625
3597
6888
5305
4967
7123
5915
5417
8609
45
2863
7754
9549
7437
6971
1350
1700
3682
621
3607
5900
6154
8150
3438
4182
8176
1548
4068
1565
3582
4682
6516
156
7209
8627
6144
6757
1508
3188
8066
1183
498
1749
3741
7783
6754
4799
1906
7088
6842
250
4594
6473
7812
2659
4788
2730
7227
7160
8454
2294
8995
914
8132
2424
890
6090
5696
565
7618
8279
1957
3797
3063
3956
9056
3561
9560
2091
8016
3424
611
8933
7453
4822
7174
1829
5262
2073
7345
757
5545
4252
7631
7445
8307
5817
2335
9692
7505
548
2147
3589
9211
234
8516
3124
1554
1919
6653
7253
2690
5319
6595
2137
6659
8790
2639
3727
7408
4775
4991
6453
7184
8091
4681
8946
4251
5228
6603
601
939
3234
6776
7504
5194
3610
1357
1606
9974
9373
7836
5035
1345
2872
2630
7083
4549
2927
1285
9630
5882
9019
8515
5020
8700
8800
1026
7737
862
9120
8435
8414
5840
3166
3488
7820
2258
9951
7319
7825
2436
7323
6551
6697
1913
8894
7650
3919
1065
3379
2722
8172
1563
3118
2227
3552
3257
5450
6056
7615
2445
2530
9768
8949
6120
1696
8249
3500
6947
8193
8256
4873
6190
8433
1391
7937
2500
1088
1293
2116
1628
538
7232
281
5096
271
1307
6824
8017
1880
6294
4947
2318
3527
7991
779
4639
9593
4907
7001
5381
3150
955
9274
5934
2031
328
3568
4637
2773
1736
2720
198
4486
2738
5047
7208
2871
8875
5985
7042
638
8623
1118
688
9347
4879
9355
8059
3883
4679
8951
6197
9356
3756
3434
9798
4004
5153
7978
4656
4138
4731
8397
16
847
4333
4896
8302
3829
3076
2032
9631
9180
4506
4157
8828
1830
9237
2290
7170
1695
5970
9068
1197
5812
7110
8207
740
993
3921
9190
235
1694
9700
6938
1399
9546
6779
8843
6845
7907
3307
716
2185
5038
7858
111
4812
2785
5370
6648
6317
9095
8634
5860
555
4181
7447
6440
9167
3543
6394
9741
7854
3569
5548
4535
7859
2611
5443
2141
8044
9382
3583
513
8239
1513
7687
1876
7522
4443
4037
4204
6739
9764
1091
5636
191
3987
4661
6061
7527
7787
1541
9715
8523
7823
3728
150
4206
3387
5437
6923
381
5733
5657
8447
3846
1167
6492
605
2281
9542
9350
2210
4927
6104
7729
1612
6423
3021
7399
1934
7708
5979
7979
2836
8161
9983
3185
7582
5013
5003
1478
92
6332
8309
3282
9912
6161
154
4807
1743
776
8123
4104
5588
4566
5224
62
4302
6716
8907
6767
8537
4600
9696
149
9586
4070
8130
2537
3637
4133
181
3369
2799
9451
6038
7015
676
3464
5722
2211
3835
8168
9100
9878
1398
5557
2953
1319
1740
8071
4106
1841
7809
5584
4728
9762
3986
3746
2194
6606
5819
1529
1455
5259
720
2146
9867
7430
2130
806
5892
6455
2701
6707
5700
5621
570
7303
1866
7694
7566
7133
1470
8075
8760
7207
2925
1620
1068
2905
5158
6246
8015
2193
9393
9239
397
3410
523
7163
5291
6539
5531
7260
1686
6177
8282
8298
1288
86
8146
9734
8002
7116
8487
9968
3915
3386
4018
947
1409
917
2770
8474
2867
9598
9444
7020
2884
31
8633
470
9881
6266
6222
3864
3168
4784
5026
8493
6058
5961
7591
319
8844
9896
4801
5456
8296
3184
788
8567
4012
7090
8635
6387
4353
4067
2125
8289
3585
8293
9012
3352
1840
5668
8597
1799
5113
3370
3490
8560
1500
9920
2364
3165
5837
3102
6897
5221
1311
6379
7767
2546
552
8224
6481
5376
8108
2857
9665
5935
581
5586
579
4670
44
9705
3236
1556
3994
2460
206
1106
5338
2621
9988
4798
9400
5592
9397
6356
1374
6030
5606
5246
9371
5256
3918
3796
845
7014
3149
4378
7369
5243
57
7382
551
794
2809
4326
7779
2587
5825
8476
7121
1753
459
1756
5230
4244
986
4805
2322
4380
520
9292
7237
437
9153
766
4028
502
8023
6538
366
6039
9298
4294
8970
6279
4712
6305
9771
8110
6109
2887
7604
2468
4693
1747
5712
132
834
7063
6202
752
5385
9874
5207
2203
6180
5274
835
9206
6175
5031
6689
3423
3107
4709
3093
1332
8561
7903
7498
7711
8838
755
7531
4666
2195
2170
5956
7706
3048
4516
3336
824
428
5361
5383
5334
7784
9708
4614
1898
3508
3901
3402
8372
9035
312
7039
1320
7395
221
6132
6581
1543
1498
554
3450
7188
8784
8862
4744
9464
2584
3931
3757
6041
6624
4478
1935
8863
461
6057
6286
9485
190
6676
2236
9336
4908
7462
3065
724
9943
6829
9613
5874
4141
9118
9628
9083
8060
2721
8698
2808
4838
921
6708
7786
9675
56
3283
2634
128
5574
3480
2638
61
2697
4776
7701
7806
7602
1200
30
5163
1580
9339
2023
3378
5356
1510
2647
8963
1153
5285
22
6775
8913
9809
6848
7019
7176
9554
4477
4862
2882
1077
3006
805
3126
6680
8630
6730
9922
4322
5360
2231
2513
4444
9650
9165
7959
1972
6835
9114
253
5871
1479
3865
4750
3365
6579
1127
1096
7284
6451
3703
8631
7329
36
7589
760
5404
3929
8078
6674
4638
7659
2543
5629
9931
9467
5064
286
4036
6486
4084
3998
6315
9835
6994
1151
6958
5637
7864
4205
8010
7299
2678
8196
3726
7490
3290
7847
8025
3642
8429
7538
5463
895
8740
6605
7044
9071
4400
7495
6654
2127
9904
8439
7431
472
8415
6427
8190
4981
9174
2929
9877
215
5866
9248
9626
2752
4584
8227
9851
1384
4349
1806
5827
4139
8073
8578
9102
9388
9873
1716
7912
4754
8945
7035
7100
5110
2711
2906
556
5455
369
6788
8281
339
8927
6665
2280
612
265
528
6735
2428
4572
6224
6715
2124
4059
2485
5503
1361
3922
6255
9971
106
4785
900
7914
4604
5598
51
679
5538
9681
9121
5014
9310
7134
6167
7673
2410
5028
9622
568
7681
8610
1915
4767
2608
6639
5016
7926
8816
158
1132
5211
9559
2308
1413
5721
2694
9151
540
6758
9954
7875
346
1306
9916
9636
6363
8532
9524
478
2815
1208
3
2803
8055
5958
116
8354
5582
6663
954
8399
2422
2062
1042
2084
1366
1809
4956
2414
7886
5601
7161
1063
994
8679
264
4419
9112
2011
746
4603
2825
3481
382
1990
1389
1505
7595
6894
5691
5532
7384
8757
905
8860
9434
1460
309
1717
2298
4267
3732
5713
7807
881
4726
5007
5091
8210
3375
3260
7162
9332
5618
812
1053
7381
2830
1122
531
9585
1387
241
9364
4738
8692
9023
5325
7240
4858
7963
7924
8581
4
9423
965
2870
5957
7315
774
1718
4995
8469
609
5053
3868
6803
5964
3713
1428
7173
311
5066
9108
695
4694
8243
3816
2574
5665
3708
49
5384
2225
3663
5516
3988
1060
6362
3666
4365
5451
9502
7664
8538
7414
3598
8369
1331
2686
1851
9406
7572
4280
372
6887
3145
1985
9059
9603
6635
2666
5165
974
3007
2704
5393
5280
4336
8717
497
512
1504
9363
2818
6731
964
516
9361
811
3445
4207
2718
2956
1270
5800
759
6165
5459
4006
4823
7216
5042
703
8697
316
3362
2420
1225
8214
827
9435
6868
4225
355
8852
5699
5023
9721
1978
903
5439
9781
8604
9033
6751
2502
9740
1937
6428
6098
3279
375
2086
3405
8867
8939
5835
2135
8052
9678
6631
3754
5562
517
6328
6562
7423
8277
515
143
5526
641
5134
174
3874
2728
5164
2388
2256
3204
2371
1143
1385
7070
6657
1698
8650
5704
8263
3069
2920
4871
2039
1006
2837
9872
3043
5766
5222
6863
7556
1750
8182
6718
6817
6245
909
27
7629
6709
6747
6439
2015
9852
341
8247
9716
1547
3335
7194
5253
4946
8747
4957
6465
4407
4101
4625
7211
73
2269
9746
7969
6989
9048
6967
4254
5477
2725
6299
9320
6414
1751
8891
2416
2103
5799
6523
6000
4687
9288
2187
5672
298
6782
1099
8576
9282
9154
9124
8151
2336
8203
7322
1264
9009
1994
4358
4460
127
6033
863
2631
9433
5822
5196
8261
1163
9053
2180
8334
1665
4406
7125
3483
3002
5997
4165
8331
9448
5938
8727
5867
1367
7442
4307
8574
5846
2748
9413
1901
7079
6325
7331
4357
7720
8466
4865
5235
482
9612
6160
4554
9047
8081
2599
6911
9322
4422
8077
4621
2820
2473
7882
1807
8027
4099
535
3476
8726
7140
3415
8088
5386
9020
1531
7131
3178
8274
2606
6886
6252
1275
7324
2168
4032
5105
5136
3363
1231
6269
3644
1224
1831
3613
3252
196
1142
110
1878
887
4665
4285
8982
1593
7301
792
5045
3653
5005
6456
5409
6406
1564
3003
2996
2507
5375
8175
2302
8765
8375
6537
5203
7356
4675
1271
8319
4455
2449
7094
6388
656
2649
3628
7425
4418
8984
9674
3392
9085
7791
8324
4606
998
8668
7394
3206
8962
2854
1104
9939
2506
5890
288
222
8589
5818
7935
8721
3137
8564
6930
3503
7187
9302
3807
2487
1405
8807
4724
1987
3407
6761
5150
9240
1558
2833
2106
1388
5643
3061
687
5284
9471
6264
117
4405
8598
421
8392
9453
8586
9370
6727
5083
5340
1741
4388
2448
5762
4904
4324
6354
6326
6189
2779
4597
1952
6954
5276
6196
7893
2835
3673
4291
3983
2831
1047
6037
4640
1910
7613
7164
2790
5572
4135
8985
671
6464
2450
822
302
8906
1729
7612
6084
9686
4399
8235
5558
333
5995
488
6229
913
5081
165
8625
6114
8278
6307
2542
6783
4999
9527
5484
9152
6156
5208
2299
3324
2807
8879
5740
1079
4481
3478
1820
7312
4314
777
5283
4753
3128
9994
4781
9037
5536
3444
6832
4404
9387
7053
5878
4569
6060
4162
5247
4276
2627
6183
5346
5682
8135
6682
7255
815
9192
2965
3163
4649
1732
4154
3426
1656
743
4770
5764
52
5086
3475
9769
2764
5848
935
9673
723
7448
1549
8937
7695
6964
721
1147
9229
2312
3547
8731
697
7951
4016
1813
1745
3579
9928
4795
9273
3037
2983
7432
3456
5988
4541
7931
9801
6319
2556
7657
8794
3798
66
392
2989
6773
1664
4912
9218
5395
4269
2712
880
982
6065
2650
8336
2001
8410
6242
6500
3219
6671
4178
5857
95
1818
64
591
2756
3271
4256
4972
9
7624
6135
5907
9417
5137
8557
3869
6610
3146
4009
6482
9333
4974
2076
8711
2548
254
2772
9340
2523
307
2703
2521
4996
4226
7545
7294
6288
6591
5881
8104
9420
5001
9778
6946
78
4773
7843
7543
1365
2004
8812
6661
9653
1259
3106
3383
5981
1804
7166
6515
2636
3218
3638
329
2386
1030
4511
9984
5492
4830
4350
2363
4585
3297
1494
6253
5903
5428
8833
729
7559
6478
6384
5782
1212
4382
1105
5399
4415
661
5011
6063
7219
8352
9656
1682
3521
3529
1461
3140
1156
1774
8705
7611
1708
6461
7377
3681
4859
3930
2311
7217
7947
9704
4832
1342
8401
4473
9119
976
3497
8022
8488
7434
9751
5669
4229
2940
7257
9267
1733
93
331
1560
6040
2350
1348
1280
65
9097
4740
5082
3714
6392
1802
6054
9557
8935
5294
1856
4080
6334
365
394
2858
9969
4889
658
9140
875
3591
1327
3885
2849
3465
305
7802
3156
2876
1509
6768
4228
3484
992
8216
4303
606
9381
7772
8969
4440
2919
413
1748
5350
3439
466
8268
3577
9429
3461
9885
943
4536
152
2384
9570
904
4760
5577
2617
4934
9812
8793
8413
689
9110
941
1133
3201
9589
4395
8535
9243
9216
3790
7654
5410
3425
9452
9476
6511
9766
1168
2914
4235
8133
7310
9341
8028
4366
4483
9161
3984
3446
1537
9011
8062
5670
673
8163
1948
5790
9236
938
6576
4705
5449
8720
9150
5898
4340
9039
1084
3212
7557
5937
5933
2936
8869
884
5433
9286
2816
828
3014
886
9305
826
4283
8155
2058
9486
6128
4001
8606
7223
3133
2706
6700
9313
1848
2475
2229
9712
8682
8878
8215
6698
9261
5055
7646
180
6447
2492
1434
6278
2789
9600
8861
9101
3979
236
81
4580
2897
4438
5963
4487
1025
8167
6797
3031
3721
4988
990
4282
5779
5490
6219
238
247
5896
9457
2509
2777
7091
1116
8615
5320
2477
7918
2353
5347
5891
6652
702
3701
6321
5380
3127
1007
5077
8723
7877
9175
9437
3768
4424
2366
934
5090
7896
47
7008
1697
5413
295
5049
9412
2359
7031
6338
177
7400
2075
435
9238
9327
672
6812
2735
1304
3530
2479
8591
3448
3635
2570
6358
205
2841
1181
491
2003
5242
1728
6140
2582
1356
4779
6913
574
7439
787
5685
7002
7269
9632
8217
3677
684
2891
2368
7682
8260
7370
7025
8940
1888
3910
9627
332
8599
3744
3834
6818
507
9933
3669
257
255
6987
7337
4923
2344
5559
9260
2439
761
1423
4474
1895
4578
1360
6169
5394
5788
5493
912
3789
5076
3421
8549
8445
1576
7816
7793
3504
7266
6217
2095
8343
4132
406
3298
5199
1967
1528
4730
3679
5373
3209
4761
7343
5473
426
2052
2367
1550
7670
2393
3506
6150
6679
8885
5886
7032
3281
2719
6201
3672
3154
9521
3092
2272
1165
4611
5751
2481
471
7224
8421
5273
7636
5366
7520
1794
9726
4177
690
4691
7006
2625
1129
2868
8548
227
5831
1658
8147
3991
189
8531
1162
1032
2696
3280
9775
8905
7263
485
8383
1184
237
1126
3505
1036
3578
324
4134
8632
5312
7862
5877
1056
2842
4290
8645
4574
2029
2019
675
8694
1484
7372
300
734
123
8137
4130
878
1842
2376
3947
453
8959
2099
5160
7755
8555
3593
1172
7097
5225
2087
5580
7801
8733
841
9918
7308
3731
3162
9073
6799
8670
5406
9604
2981
6564
9187
8457
1458
7730
2751
9810
5778
664
9820
5927
6875
6007
501
5425
5333
9477
3735
8893
7763
926
8528
2827
6069
4446
6498
9588
4914
5613
8857
2654
1787
2278
928
2750
8328
737
5115
1177
3384
4855
7153
6572
1643
487
446
7512
3800
262
7325
2643
6726
5227
1019
4448
2323
8184
274
7397
4413
7529
646
5776
6792
7065
5947
2742
1712
43
2723
4680
8751
7148
4768
6405
7059
2681
5880
412
379
784
5212
547
5181
4232
3024
3304
3299
758
2695
8732
4128
8481
5585
7060
9366
5993
7189
6260
9326
2844
70
3683
4723
7516
1214
7157
8338
6488
5249
3253
7285
3051
5666
2123
3277
4217
6719
5520
2458
5609
4592
6600
4021
5901
5234
1400
2853
4869
7078
9160
2774
8090
2276
2472
6469
3215
644
4891
3601
6957
5241
3451
7537
7747
7790
9529
588
1228
678
4420
5454
8194
5494
9407
6102
3977
8009
2216
8284
9021
5044
5052
5865
7952
6158
3094
1792
8646
8502
7692
3460
4921
5756
7073
6108
5748
6704
508
6734
6006
4105
846
477
4163
5481
6504
9065
360
898
6825
4902
3430
3654
9089
8818
8991
8799
4630
8231
7774
5639
7645
2251
6909
5062
4242
7259
7519
2651
3306
6531
541
2713
5844
3174
7472
6468
5786
3034
4375
1010
6130
7617
9522
851
8504
9530
4172
2375
7686
5397
9981
8165
5795
6192
3595
2817
4334
2590
193
7485
2552
4546
3686
682
5968
747
2874
3225
4827
4266
5777
3112
6048
4072
7600
8868
510
6694
7407
1721
4108
959
3203
7441
9823
9458
2456
6067
4298
4542
8318
1685
7868
7307
610
7584
3993
6521
7997
1780
9107
813
6271
2824
3419
7727
1076
1046
7150
7056
4849
7771
4772
9946
9690
7758
3877
7761
8613
2998
9876
2740
1997
1884
4513
432
8339
1775
6015
3791
3098
4131
4819
4613
9765
5183
7989
832
7366
6669
7986
4278
5125
2881
852
545
8817
2148
8333
2717
233
9602
6111
9796
2595
1295
8805
1862
3695
2201
112
585
1222
449
4520
8736
7104
6588
7725
6914
2080
4729
8680
7332
3702
6986
5739
4557
8011
2660
6484
4093
4445
3121
2030
2698
5802
8955
1274
9203
8786
714
7626
1764
7419
2402
7891
6855
5658
1483
9940
9149
3314
4150
3554
2042
2776
122
4965
6389
8125
2352
6755
9804
3843
1067
5364
6137
7946
7290
4814
9841
3111
6122
7908
8173
1812
210
8823
8579
5502
1900
6796
4634
4202
8919
8898
3116
5909
9558
9396
5745
1889
5706
330
2158
1984
1766
266
842
3526
5233
6172
8314
1902
8373
9900
1968
6808
8393
1074
9052
6194
4945
8942
8353
7789
3436
5307
4552
896
9262
8364
8171
458
7230
5265
5635
4655
408
1645
865
6901
6462
8058
6377
5950
8486
8556
9443
8626
3388
5568
634
9014
5236
6982
4622
5555
2419
142
1363
8662
1761
7775
5564
8387
1173
5758
-1
EOF
