NAME : random113.841.tour
COMMENT : Length = 841
COMMENT : Found by LKH [Keld Helsgaun] Mon Dec 30 21:06:20 2024
TYPE : TOUR
DIMENSION : 113
TOUR_SECTION
1
83
77
58
73
88
42
28
11
63
54
43
34
91
44
17
19
16
82
18
76
22
56
99
60
13
110
46
72
20
104
29
108
52
23
98
3
96
31
57
87
97
32
35
36
8
81
85
74
90
21
75
107
80
67
92
7
38
25
51
103
100
101
84
62
95
14
79
53
59
86
93
111
10
109
24
70
47
65
5
37
26
6
102
45
68
30
55
69
89
64
33
113
78
112
71
12
61
27
49
94
2
4
40
50
41
48
9
39
15
66
105
106
-1
EOF
