NAME : random151.946.tour
COMMENT : Length = 946
COMMENT : Found by LKH [Keld Helsgaun] Mon Dec 30 21:11:58 2024
TYPE : TOUR
DIMENSION : 151
TOUR_SECTION
1
43
39
11
70
49
31
58
59
150
122
64
96
147
82
7
21
35
18
17
10
125
25
24
41
106
65
4
130
117
100
14
103
113
30
146
44
80
40
124
107
53
94
6
45
115
73
74
137
19
37
131
78
99
62
140
118
134
135
138
102
76
32
101
142
5
110
148
92
69
93
3
86
85
51
47
22
81
114
128
141
83
50
12
57
42
105
144
126
2
136
34
8
88
108
111
9
60
139
79
63
13
77
151
109
33
75
23
46
123
55
72
127
133
90
97
66
149
116
120
112
87
26
28
52
119
38
27
56
68
132
61
89
145
143
129
36
29
54
95
48
84
71
16
98
121
91
104
15
20
67
-1
EOF
