NAME : random154.976.tour
COMMENT : Length = 976
COMMENT : Found by LKH [Keld Helsgaun] Mon Dec 30 21:12:22 2024
TYPE : TOUR
DIMENSION : 154
TOUR_SECTION
1
81
46
103
17
104
96
11
110
5
123
111
43
124
102
95
71
33
62
60
152
84
126
73
36
3
25
98
18
8
86
53
2
142
55
143
108
66
130
125
107
91
56
141
80
10
135
134
76
148
118
37
6
89
131
22
31
68
154
90
127
112
40
119
19
52
150
42
100
93
109
70
28
133
41
49
35
139
64
34
116
132
74
54
77
94
45
39
128
24
87
16
63
151
75
129
14
120
12
145
20
114
137
83
92
88
13
59
153
15
101
50
29
9
82
32
38
97
113
57
149
27
146
117
79
122
136
44
99
7
138
58
26
140
48
47
78
144
67
105
106
72
65
51
61
69
147
30
23
115
4
21
85
121
-1
EOF
