NAME : random178.1023.tour
COMMENT : Length = 1023
COMMENT : Found by LKH [Keld Helsgaun] Mon Dec 30 21:17:23 2024
TYPE : TOUR
DIMENSION : 178
TOUR_SECTION
1
37
24
177
31
146
49
26
79
9
134
100
5
43
54
169
124
96
71
44
138
67
21
55
92
98
120
160
133
25
145
166
22
85
165
29
143
111
99
87
2
60
56
170
20
103
157
135
130
61
36
51
11
3
52
73
84
4
93
18
114
101
59
137
140
131
164
45
174
77
129
66
122
32
27
176
121
70
81
112
104
152
23
13
90
57
15
119
175
95
156
16
74
41
6
123
69
94
118
82
158
39
34
42
147
107
7
144
46
178
108
161
171
102
63
35
106
142
132
88
65
75
89
105
14
64
116
19
148
83
62
115
50
168
136
117
113
151
139
48
163
127
126
141
38
149
86
76
78
17
109
128
33
159
80
91
53
58
47
110
10
8
150
12
72
97
40
28
172
173
154
125
30
162
153
68
167
155
-1
EOF
