NAME : random147.960.tour
COMMENT : Length = 960
COMMENT : Found by LKH [Keld Helsgaun] Mon Dec 30 21:11:23 2024
TYPE : TOUR
DIMENSION : 147
TOUR_SECTION
1
106
68
137
69
104
56
100
145
7
28
118
91
59
9
144
116
34
50
93
2
35
8
98
31
24
20
48
17
27
96
124
79
12
81
10
140
84
127
73
72
134
45
40
141
102
99
83
16
15
46
138
39
11
19
76
101
120
36
4
105
77
57
33
142
143
146
117
18
121
94
42
112
78
43
30
80
132
89
128
92
133
126
51
21
125
54
136
129
62
55
88
38
70
44
52
111
64
107
14
74
131
113
63
25
85
53
130
66
49
110
26
67
123
115
135
147
95
90
60
65
119
108
3
139
87
61
32
97
13
71
22
29
122
37
6
58
5
23
109
47
82
75
103
41
86
114
-1
EOF
