NAME : random182.1035.tour
COMMENT : Length = 1035
COMMENT : Found by LKH [Keld Helsgaun] Mon Dec 30 21:17:49 2024
TYPE : TOUR
DIMENSION : 182
TOUR_SECTION
1
19
120
61
72
176
107
55
148
3
33
125
181
45
37
22
58
65
63
4
144
128
146
18
53
130
126
15
87
95
30
97
26
41
124
35
79
44
71
174
96
83
175
93
118
159
9
110
113
31
88
151
119
101
173
99
172
20
78
135
24
40
160
137
56
5
102
11
29
155
23
178
52
142
104
105
131
70
43
28
7
166
77
180
106
82
127
75
16
81
164
89
152
154
121
21
169
129
36
32
91
90
150
17
84
111
115
2
80
69
27
47
171
162
46
48
158
114
134
68
60
145
13
108
49
116
50
8
39
42
38
85
136
163
59
100
51
167
153
14
177
10
57
179
122
94
73
34
168
117
123
12
157
147
165
66
156
133
54
149
86
143
67
170
74
98
161
25
132
112
138
103
92
139
109
6
76
182
62
64
140
141
-1
EOF
