NAME : random169.962.tour
COMMENT : Length = 962
COMMENT : Found by LKH [Keld Helsgaun] Mon Dec 30 21:15:22 2024
TYPE : TOUR
DIMENSION : 169
TOUR_SECTION
1
51
88
3
64
82
167
19
32
13
139
74
118
130
98
107
67
26
163
132
96
37
55
9
38
42
47
112
39
156
94
142
120
52
17
58
110
97
166
100
61
73
164
28
68
114
4
91
144
83
148
5
95
131
49
10
128
159
34
66
24
150
18
12
162
154
59
127
158
93
116
65
169
105
60
108
8
137
57
30
124
92
7
43
77
133
135
25
27
168
78
146
115
136
101
99
103
15
44
20
63
122
2
41
129
21
149
102
151
11
165
121
22
143
123
160
23
16
155
72
71
89
45
87
62
81
161
14
75
138
40
111
84
36
119
80
48
54
53
134
90
147
106
145
157
70
33
46
153
56
140
29
86
113
76
85
35
79
125
141
31
6
50
109
126
104
69
152
117
-1
EOF
