NAME : random138.864.tour
COMMENT : Length = 864
COMMENT : Found by LKH [Keld Helsgaun] Mon Dec 30 21:10:08 2024
TYPE : TOUR
DIMENSION : 138
TOUR_SECTION
1
108
62
98
51
67
95
105
68
96
18
38
73
79
46
99
66
85
69
90
29
20
129
57
109
17
130
49
23
127
33
47
60
117
135
97
93
89
44
41
24
35
86
128
22
132
2
134
116
72
107
11
70
131
61
122
137
64
56
126
87
16
39
94
34
37
91
19
124
88
55
21
104
12
14
118
32
76
13
63
123
52
8
138
119
102
4
83
6
58
121
75
65
45
110
54
112
78
106
50
30
3
7
111
103
53
42
114
133
113
5
101
125
80
82
59
25
9
77
28
43
92
84
115
48
10
40
81
100
26
36
15
136
27
71
74
31
120
-1
EOF
