NAME : random170.968.tour
COMMENT : Length = 968
COMMENT : Found by LKH [Keld Helsgaun] Mon Dec 30 21:15:36 2024
TYPE : TOUR
DIMENSION : 170
TOUR_SECTION
1
9
155
145
98
63
141
118
22
83
56
124
21
42
2
103
90
48
13
17
16
12
86
111
38
109
30
125
61
147
108
64
157
114
66
136
166
94
37
45
132
75
78
81
52
69
134
116
130
112
88
34
170
71
35
152
160
36
73
110
24
27
122
58
104
3
80
95
89
8
14
148
162
137
143
92
49
150
144
140
131
168
40
79
77
7
54
43
28
68
19
96
33
169
65
87
10
26
70
44
18
99
100
106
31
93
105
72
113
154
29
5
156
47
101
20
126
15
167
163
82
119
120
138
59
55
139
159
41
153
62
6
74
129
25
53
97
149
4
39
146
32
50
67
11
117
151
165
46
84
107
102
91
158
51
164
76
60
127
128
123
161
142
133
121
115
135
57
85
23
-1
EOF
