NAME : random179.1063.tour
COMMENT : Length = 1063
COMMENT : Found by LKH [Keld Helsgaun] Sat Nov 23 17:36:35 2024
TYPE : TOUR
DIMENSION : 179
TOUR_SECTION
1
155
146
100
50
105
126
128
177
44
19
176
41
21
107
108
132
53
110
127
46
179
57
91
97
130
67
24
90
60
62
22
141
47
51
78
138
115
48
65
45
37
58
23
157
16
147
38
117
163
161
151
3
134
116
165
159
49
164
145
70
114
18
87
75
20
71
59
94
106
136
119
13
143
104
93
103
162
178
26
170
173
79
35
86
125
137
140
11
63
69
55
111
32
85
150
154
52
80
82
124
77
123
96
148
109
101
42
120
56
34
153
7
113
30
118
158
167
36
144
64
92
25
89
174
12
68
166
102
88
54
15
83
17
29
99
66
168
156
10
129
135
122
4
112
5
84
2
61
121
40
160
152
139
81
175
43
172
39
95
9
131
133
33
6
76
74
8
73
31
28
27
72
171
98
14
149
142
169
-1
EOF
