NAME : random153.949.tour
COMMENT : Length = 949
COMMENT : Found by LKH [Keld Helsgaun] Sat Nov 23 17:29:22 2024
TYPE : TOUR
DIMENSION : 153
TOUR_SECTION
1
53
139
141
33
44
77
69
130
102
113
56
80
57
111
83
118
35
91
143
142
55
108
115
68
117
65
21
106
50
71
73
36
20
14
23
34
84
47
48
122
15
131
144
17
9
94
62
59
138
54
75
86
103
127
104
85
96
121
2
95
45
63
87
98
41
128
79
136
137
149
5
112
90
67
101
99
74
10
58
82
153
145
19
78
46
151
22
114
152
11
123
120
31
70
42
39
28
125
72
18
148
40
105
24
132
7
109
25
60
124
32
146
8
89
6
61
66
107
88
27
76
135
30
134
140
29
43
116
51
37
16
49
52
3
129
12
100
81
126
93
97
64
92
26
13
38
147
119
110
150
4
133
-1
EOF
