NAME : random184.1023.tour
COMMENT : Length = 1023
COMMENT : Found by LKH [Keld Helsgaun] Mon Dec 30 21:28:32 2024
TYPE : TOUR
DIMENSION : 184
TOUR_SECTION
1
56
17
107
120
14
76
62
50
81
140
160
54
55
37
46
126
110
165
169
157
155
4
103
38
144
121
100
65
178
130
181
108
162
164
75
122
180
7
26
156
142
154
129
53
36
42
171
97
111
153
86
43
87
85
166
133
174
128
92
88
148
18
93
20
84
138
31
12
106
147
124
183
105
112
71
102
159
33
9
34
72
22
8
114
182
39
177
104
150
11
66
123
136
137
57
27
96
131
19
21
59
167
74
13
99
52
80
161
51
141
10
132
58
173
40
94
63
119
152
6
158
69
41
29
170
35
16
67
176
5
70
61
23
115
48
90
79
163
30
143
184
2
77
116
175
25
127
95
89
15
28
91
113
45
134
168
98
78
24
60
145
3
139
117
44
179
135
64
172
118
68
32
151
47
83
49
82
146
109
125
73
101
149
-1
EOF
