NAME : random182.1031.tour
COMMENT : Length = 1031
COMMENT : Found by LKH [Keld Helsgaun] Mon Dec 30 21:28:01 2024
TYPE : TOUR
DIMENSION : 182
TOUR_SECTION
1
61
120
19
141
140
64
62
182
76
6
109
139
92
103
138
112
132
25
161
98
74
170
67
143
86
149
54
133
156
66
165
147
157
12
123
117
168
34
73
94
122
179
57
10
177
14
153
167
51
100
59
163
136
85
38
42
39
8
50
116
49
108
13
145
60
68
134
114
158
48
46
162
171
47
27
69
80
2
115
111
84
17
150
90
91
32
36
129
169
21
121
154
152
89
164
81
16
75
127
82
106
180
77
166
7
28
43
70
131
142
105
104
52
178
23
155
29
11
102
5
56
137
160
40
24
135
78
20
172
99
173
101
119
151
88
31
113
110
9
159
118
93
175
83
96
174
71
44
79
35
124
41
26
97
30
95
87
15
126
130
53
18
146
128
144
4
63
65
58
22
37
45
181
125
33
3
148
55
107
176
72
-1
EOF
