NAME : random147.957.tour
COMMENT : Length = 957
COMMENT : Found by LKH [Keld Helsgaun] Mon Dec 30 21:21:14 2024
TYPE : TOUR
DIMENSION : 147
TOUR_SECTION
1
106
68
122
29
22
71
13
97
32
61
87
139
3
108
119
65
60
90
95
147
135
115
123
49
110
67
26
6
37
58
5
117
146
143
142
33
57
77
105
80
30
43
78
112
121
18
94
42
66
53
130
85
25
63
113
131
74
14
107
64
111
52
44
70
38
88
55
62
129
136
54
125
126
21
51
132
133
92
89
128
36
120
4
101
76
19
11
39
138
46
15
16
102
83
99
127
84
140
10
81
73
134
141
40
45
72
12
79
124
96
17
27
48
20
24
31
98
8
35
50
93
34
116
144
9
59
91
2
118
28
7
145
100
56
104
69
137
86
41
103
75
82
47
23
109
114
-1
EOF
