NAME : random150.921.tour
COMMENT : Length = 921
COMMENT : Found by LKH [Keld Helsgaun] Mon Dec 30 21:21:37 2024
TYPE : TOUR
DIMENSION : 150
TOUR_SECTION
1
56
72
146
120
140
36
90
111
138
45
134
76
18
139
122
68
35
53
130
23
104
37
7
114
57
33
29
41
97
64
48
24
126
81
102
127
62
84
14
124
17
43
55
16
78
96
47
51
61
15
58
6
71
128
129
95
101
118
30
13
5
49
34
107
94
77
123
25
32
121
108
39
117
19
40
69
150
60
65
12
11
79
132
136
20
112
143
82
86
46
87
8
54
31
142
89
44
80
98
137
131
74
70
50
75
92
10
3
115
113
148
100
27
26
83
103
63
106
21
119
93
105
116
22
59
125
85
4
144
147
145
67
99
2
109
42
88
141
73
52
135
110
28
133
9
149
66
38
91
-1
EOF
