NAME : random194.1050.tour
COMMENT : Length = 1050
COMMENT : Found by LKH [Keld Helsgaun] Mon Dec 30 21:30:23 2024
TYPE : TOUR
DIMENSION : 194
TOUR_SECTION
1
112
177
79
104
84
81
138
107
45
121
39
135
49
114
127
9
92
77
123
97
60
165
22
74
41
102
117
88
174
6
151
129
29
50
35
40
169
128
99
175
56
14
75
155
190
12
32
176
24
140
8
58
145
53
131
47
156
11
66
68
43
144
193
103
148
143
73
133
76
85
70
125
113
28
23
158
59
16
142
5
52
111
157
2
194
82
147
31
146
7
19
42
18
139
38
48
154
164
192
25
161
67
26
46
181
90
126
137
44
178
33
30
27
89
78
96
110
37
91
64
17
173
4
34
109
189
187
116
115
120
186
36
162
57
72
119
185
108
167
130
51
153
55
188
100
86
179
65
105
141
61
132
101
10
15
93
95
170
191
183
106
166
182
184
87
160
118
124
13
3
149
150
20
71
122
159
83
69
62
54
168
80
171
94
152
21
180
134
98
136
63
172
163
-1
EOF
