NAME : random160.963.tour
COMMENT : Length = 963
COMMENT : Found by LKH [Keld Helsgaun] Mon Dec 30 21:22:36 2024
TYPE : TOUR
DIMENSION : 160
TOUR_SECTION
1
85
153
159
62
20
88
74
73
36
96
47
19
128
76
93
77
24
132
68
7
58
157
158
160
37
80
144
143
130
118
21
32
54
50
148
106
15
9
61
111
99
95
2
27
43
69
91
142
33
82
78
66
103
55
102
25
138
81
126
65
145
121
48
108
70
34
98
134
140
133
60
17
150
4
124
101
10
22
151
56
67
117
38
92
5
141
87
44
131
112
86
8
100
51
75
147
156
109
30
123
137
89
83
139
29
53
105
125
3
39
16
57
114
63
41
59
79
113
14
72
23
115
107
136
119
42
154
120
97
104
64
155
110
127
11
35
45
49
149
6
13
152
122
84
52
71
40
116
31
28
12
146
135
18
94
90
26
46
129
-1
EOF
