NAME : gaussian_random136.6588.tour
COMMENT : Length = 6588
COMMENT : Found by LKH [Keld Helsgaun] Sun Jul  7 17:53:42 2024
TYPE : TOUR
DIMENSION : 136
TOUR_SECTION
1
44
125
118
128
82
116
81
24
2
8
92
124
94
34
11
36
91
71
117
26
42
103
85
66
32
126
136
88
20
134
120
68
25
98
112
115
18
48
16
74
110
75
84
89
63
132
38
47
4
113
52
49
6
12
3
41
23
54
73
31
87
37
9
56
69
7
60
21
90
70
135
43
108
105
114
99
39
122
95
102
55
5
123
58
127
64
53
27
131
22
61
17
65
28
133
77
79
119
45
97
13
83
109
19
80
62
78
107
15
40
86
57
10
76
100
33
72
51
46
93
59
111
104
129
130
30
96
121
67
50
29
101
14
35
106
-1
EOF
