NAME : gaussian_random128.8708.tour
COMMENT : Length = 8708
COMMENT : Found by LKH [Keld Helsgaun] Sun Jul  7 17:52:20 2024
TYPE : TOUR
DIMENSION : 128
TOUR_SECTION
1
65
29
71
50
69
89
48
115
128
4
109
49
73
9
6
18
41
67
81
34
21
106
39
8
28
44
32
45
56
62
22
82
87
43
2
121
122
17
23
27
127
126
60
108
83
42
33
96
112
117
14
92
53
99
64
25
55
54
86
51
98
70
118
123
16
76
74
5
15
59
63
58
95
101
97
10
46
3
78
13
116
7
66
80
84
68
24
19
37
52
94
77
103
38
100
110
111
93
75
120
36
119
11
105
107
90
114
35
30
104
47
40
88
91
57
72
26
113
61
85
12
102
125
20
79
31
124
-1
EOF
