NAME : gaussian_random184.9842.tour
COMMENT : Length = 9842
COMMENT : Found by LKH [Keld Helsgaun] Sun Jul  7 18:05:51 2024
TYPE : TOUR
DIMENSION : 184
TOUR_SECTION
1
67
136
40
175
120
21
172
88
73
183
104
63
100
43
20
28
137
39
173
14
132
7
90
95
34
125
8
61
135
117
126
41
116
169
154
107
24
23
53
143
115
150
56
74
4
140
68
99
10
110
87
119
62
76
5
11
159
19
179
149
156
124
31
157
134
47
78
66
178
46
82
151
148
13
36
35
32
59
92
162
98
142
71
130
54
147
85
155
51
174
97
118
18
15
121
176
75
80
114
79
2
106
45
17
170
102
145
83
93
89
152
160
9
69
161
25
139
84
108
112
105
166
50
163
182
60
12
70
30
72
164
48
91
111
38
42
184
127
86
123
6
58
168
128
94
57
138
113
133
16
122
77
109
101
131
29
52
64
165
181
146
103
65
177
49
180
129
55
96
37
22
81
171
27
3
153
44
141
158
33
26
167
144
-1
EOF
