NAME : gaussian_random134.8978.tour
COMMENT : Length = 8978
COMMENT : Found by LKH [Keld Helsgaun] Sun Jul  7 17:53:18 2024
TYPE : TOUR
DIMENSION : 134
TOUR_SECTION
1
87
45
133
100
75
81
120
115
26
132
28
106
131
63
99
118
55
83
67
101
37
130
10
3
18
24
23
21
19
46
116
123
80
38
105
127
90
111
92
73
102
119
58
94
42
62
74
34
8
39
79
20
65
2
66
85
95
60
50
44
69
7
64
17
53
27
129
77
56
57
78
9
124
98
117
114
14
96
71
128
125
93
86
59
76
97
29
15
109
104
51
61
72
32
52
22
49
113
43
48
121
54
122
82
70
103
30
13
40
41
12
91
134
4
88
25
35
16
33
112
107
31
126
84
5
36
11
110
6
68
47
89
108
-1
EOF
