NAME : gaussian_random161.8661.tour
COMMENT : Length = 8661
COMMENT : Found by LKH [Keld Helsgaun] Sun Jul  7 17:58:54 2024
TYPE : TOUR
DIMENSION : 161
TOUR_SECTION
1
9
59
122
143
20
90
18
2
76
35
104
151
7
46
110
100
73
108
121
41
149
43
83
32
16
103
131
140
67
5
92
48
157
77
161
47
144
147
60
62
91
99
31
128
8
13
84
14
118
45
89
52
124
3
119
82
10
107
6
85
53
25
37
4
123
28
126
87
66
97
81
78
138
132
23
134
117
29
129
152
19
55
137
101
72
79
136
139
51
63
24
80
34
111
30
11
64
105
58
113
56
135
98
27
95
93
88
130
71
120
26
21
160
70
102
15
39
156
148
69
33
106
125
114
74
154
44
49
86
141
142
54
127
50
115
17
38
68
109
36
159
153
145
40
65
22
96
150
133
42
112
57
75
158
94
12
61
116
146
155
-1
EOF
