NAME : gaussian_random146.9160.tour
COMMENT : Length = 9160
COMMENT : Found by LKH [Keld Helsgaun] Sun Jul  7 17:55:43 2024
TYPE : TOUR
DIMENSION : 146
TOUR_SECTION
1
27
59
91
132
109
133
26
7
113
81
3
6
114
31
110
32
105
66
112
9
120
75
25
5
108
142
61
62
79
52
51
122
78
60
8
128
18
83
126
94
54
123
87
19
22
129
37
65
92
41
106
95
11
70
88
42
44
10
53
56
84
102
145
131
146
125
64
55
96
82
14
117
118
139
28
67
77
143
98
13
46
23
104
35
69
39
68
134
80
50
119
107
63
141
101
136
86
47
85
21
100
49
127
16
33
15
137
34
2
99
17
29
93
4
76
97
43
72
90
57
140
48
115
36
73
103
121
45
138
135
74
24
38
116
20
71
111
89
130
124
12
30
144
58
40
-1
EOF
