NAME : gaussian_random117.8236.tour
COMMENT : Length = 8236
COMMENT : Found by LKH [Keld Helsgaun] Sun Jul  7 17:50:50 2024
TYPE : TOUR
DIMENSION : 117
TOUR_SECTION
1
44
106
90
93
25
54
4
69
11
15
22
116
18
26
17
55
74
86
98
46
37
49
30
34
31
64
63
109
115
94
2
9
78
33
58
5
14
27
62
81
99
39
38
23
57
111
6
100
8
101
80
43
53
21
51
48
16
113
102
105
96
73
35
91
72
107
92
87
68
56
29
41
89
61
88
104
112
70
117
95
71
47
20
50
3
59
103
75
65
36
67
110
10
97
60
40
32
77
24
82
114
84
85
42
66
83
28
52
45
19
76
12
7
13
79
108
-1
EOF
