NAME : gaussian_random111.5790.tour
COMMENT : Length = 5790
COMMENT : Found by LKH [Keld Helsgaun] Sun Jul  7 17:50:05 2024
TYPE : TOUR
DIMENSION : 111
TOUR_SECTION
1
18
29
66
22
74
38
85
56
12
39
70
17
21
90
72
40
46
47
67
36
10
42
30
69
61
94
45
59
68
16
62
37
96
11
24
32
98
95
91
82
79
102
54
106
51
93
110
108
23
52
87
100
86
111
107
44
20
55
78
5
89
64
77
65
34
88
103
109
75
3
41
92
97
50
60
14
8
31
25
104
48
35
101
71
28
58
83
57
43
99
53
33
15
27
76
7
9
19
73
105
4
81
2
63
49
80
6
84
13
26
-1
EOF
