NAME : gaussian_random183.9447.tour
COMMENT : Length = 9447
COMMENT : Found by LKH [Keld Helsgaun] Sun Jul  7 18:05:37 2024
TYPE : TOUR
DIMENSION : 183
TOUR_SECTION
1
10
110
178
144
183
75
58
90
169
77
44
152
66
156
141
83
86
106
163
117
17
76
100
22
118
35
49
99
125
103
50
85
56
159
19
24
181
112
9
96
167
168
143
41
48
3
26
37
109
101
93
39
28
126
51
60
182
80
142
180
161
138
61
130
57
52
115
43
27
81
175
59
20
108
34
88
87
164
128
7
146
73
104
150
105
97
98
68
107
122
140
78
84
8
160
33
114
53
172
71
120
46
25
5
47
174
131
82
121
149
6
153
95
63
134
102
179
69
13
15
55
119
45
11
72
151
32
62
30
23
42
14
16
170
12
18
38
89
145
54
40
21
116
4
94
171
137
113
64
129
123
133
173
148
147
158
67
177
166
29
65
36
136
155
127
135
79
31
124
157
92
154
74
162
132
111
70
2
91
176
139
165
-1
EOF
