NAME : gaussian_random125.8211.tour
COMMENT : Length = 8211
COMMENT : Found by LKH [Keld Helsgaun] Sun Jul  7 17:51:54 2024
TYPE : TOUR
DIMENSION : 125
TOUR_SECTION
1
31
104
41
74
116
125
75
36
78
12
73
14
93
20
99
108
2
90
9
117
48
107
32
66
23
27
102
91
37
26
52
95
94
67
76
79
118
16
58
21
46
124
44
82
39
71
35
22
30
49
113
57
10
15
105
80
109
13
4
114
89
81
5
112
40
119
63
87
60
47
7
45
84
55
18
64
72
24
29
3
111
96
83
25
77
101
97
42
50
33
120
85
69
122
88
54
28
17
8
68
86
59
92
100
115
62
106
43
98
61
53
70
34
51
19
11
121
6
38
103
110
65
123
56
-1
EOF
