NAME : gaussian_random171.7758.tour
COMMENT : Length = 7758
COMMENT : Found by LKH [Keld Helsgaun] Sun Jul  7 18:02:00 2024
TYPE : TOUR
DIMENSION : 171
TOUR_SECTION
1
64
23
37
72
62
75
143
90
46
114
15
120
41
98
117
154
100
105
71
102
140
36
165
35
24
135
30
122
76
13
96
106
79
130
10
51
133
61
148
86
163
149
88
103
123
32
107
65
4
131
121
160
116
44
93
162
125
95
26
164
20
49
45
14
141
109
111
6
3
82
18
5
11
54
7
151
83
97
129
78
150
67
57
21
161
40
50
74
70
85
27
156
56
2
157
146
142
137
25
128
152
66
89
8
33
80
91
63
104
43
115
132
38
73
159
147
55
170
138
22
118
29
9
145
68
92
53
134
12
87
153
166
17
136
34
110
60
48
144
139
99
52
168
112
58
127
31
101
84
59
69
126
108
169
113
42
167
19
39
16
77
28
119
158
171
47
155
81
94
124
-1
EOF
