NAME : gaussian_random158.8518.tour
COMMENT : Length = 8518
COMMENT : Found by LKH [Keld Helsgaun] Sun Jul  7 17:58:31 2024
TYPE : TOUR
DIMENSION : 158
TOUR_SECTION
1
22
123
28
98
47
19
107
84
112
118
53
70
46
73
141
30
99
80
29
38
109
10
119
117
121
157
108
41
86
23
63
146
92
13
42
27
12
136
125
60
26
155
116
62
49
150
81
103
52
37
122
91
75
36
4
131
158
128
7
114
20
2
74
88
76
69
154
24
6
101
113
151
105
67
90
21
79
115
3
147
8
43
104
34
68
57
61
32
120
144
137
65
66
78
18
64
129
85
124
39
152
11
58
17
31
56
134
55
145
16
71
126
142
153
110
135
50
51
59
140
111
40
35
133
48
95
89
15
100
45
9
72
5
82
139
44
96
138
143
87
106
132
127
93
54
130
97
156
148
83
149
102
77
33
14
25
94
-1
EOF
