NAME : gaussian_random194.7004.tour
COMMENT : Length = 7004
COMMENT : Found by LKH [Keld Helsgaun] Sun Jul  7 18:08:38 2024
TYPE : TOUR
DIMENSION : 194
TOUR_SECTION
1
79
59
140
54
52
164
103
178
37
45
143
33
126
63
86
132
32
153
48
124
95
131
115
69
165
40
29
89
34
188
117
134
154
147
116
28
173
135
58
155
150
127
111
175
130
121
7
23
128
191
21
174
83
75
51
169
171
146
67
129
13
157
122
109
12
138
10
166
8
168
42
55
180
85
163
185
19
193
120
3
145
4
125
96
24
179
15
2
137
66
105
167
30
151
27
78
161
107
57
35
192
170
76
181
102
142
36
20
17
9
14
26
77
141
56
156
18
60
106
159
70
50
144
88
177
90
11
123
194
162
61
119
91
87
39
133
46
108
68
110
6
182
172
62
158
136
148
152
98
73
38
5
186
93
101
53
43
104
160
92
94
81
44
84
72
80
41
47
176
82
16
25
22
65
97
31
187
184
74
114
112
49
71
99
189
190
64
118
183
100
149
113
139
-1
EOF
