NAME : gaussian_random148.9404.tour
COMMENT : Length = 9404
COMMENT : Found by LKH [Keld Helsgaun] Sun Jul  7 17:56:13 2024
TYPE : TOUR
DIMENSION : 148
TOUR_SECTION
1
27
123
23
109
36
104
63
106
12
57
117
130
124
145
111
72
101
131
99
52
20
94
121
87
70
137
6
15
75
88
49
112
38
105
78
120
21
29
51
28
71
55
59
37
30
92
136
140
125
107
134
64
132
98
10
45
81
66
8
90
119
95
62
139
22
42
77
73
2
118
147
11
4
39
68
144
102
32
13
113
58
40
31
61
126
46
65
96
54
83
48
33
146
138
91
110
85
108
82
50
141
60
18
74
114
128
3
17
79
5
89
56
35
47
53
9
26
80
84
116
34
122
93
133
67
115
76
69
100
142
43
86
148
7
135
16
41
24
103
143
127
25
44
97
14
19
129
-1
EOF
