NAME : gaussian_random185.10364.tour
COMMENT : Length = 10364
COMMENT : Found by LKH [Keld Helsgaun] Sun Jul  7 18:06:07 2024
TYPE : TOUR
DIMENSION : 185
TOUR_SECTION
1
21
73
85
155
168
162
111
34
98
151
54
62
137
161
92
121
149
6
19
150
163
60
88
72
57
46
171
81
18
140
77
103
109
63
126
125
106
100
107
43
160
22
41
153
176
61
102
99
105
145
117
55
185
44
74
4
169
158
23
26
141
3
138
27
10
116
32
38
20
133
89
175
37
180
5
110
129
83
130
154
42
123
112
47
101
184
173
80
170
35
156
30
24
157
127
64
124
58
52
15
48
146
75
115
178
94
68
90
67
91
79
144
69
56
53
181
128
143
93
97
174
172
84
8
17
142
87
65
132
2
131
14
183
45
148
120
114
136
9
139
159
28
40
166
50
165
104
25
134
78
39
152
119
36
51
179
31
122
95
118
66
71
82
11
76
182
49
29
59
7
70
96
167
13
12
147
177
108
16
86
164
33
135
113
-1
EOF
