NAME : gaussian_random164.9694.tour
COMMENT : Length = 9694
COMMENT : Found by LKH [Keld Helsgaun] Sun Jul  7 18:00:35 2024
TYPE : TOUR
DIMENSION : 164
TOUR_SECTION
1
104
156
30
67
44
2
127
163
164
103
82
150
28
65
116
112
102
38
125
93
40
59
135
35
151
158
81
144
111
48
18
47
13
46
159
140
117
61
78
24
139
19
132
69
43
60
8
137
142
58
54
129
76
16
94
21
161
99
20
42
56
83
120
23
105
31
36
109
57
98
119
146
107
3
141
37
84
147
138
22
63
41
134
52
136
143
51
87
79
110
12
145
148
62
7
126
50
27
124
149
122
70
90
4
118
162
66
29
114
106
154
6
157
86
39
155
152
89
123
153
45
113
34
25
121
96
101
32
72
15
49
11
85
128
88
53
17
75
74
68
130
100
92
73
5
64
55
108
91
9
26
95
33
71
10
133
14
77
97
80
131
115
160
-1
EOF
