NAME : gaussian_random173.10119.tour
COMMENT : Length = 10119
COMMENT : Found by LKH [Keld Helsgaun] Sun Jul  7 18:02:54 2024
TYPE : TOUR
DIMENSION : 173
TOUR_SECTION
1
67
53
141
81
48
2
93
38
83
150
145
159
122
117
116
164
111
37
77
108
153
80
64
162
31
163
125
72
107
29
28
7
45
84
15
104
136
129
103
113
172
76
39
85
26
71
89
57
50
14
112
66
119
86
92
23
133
41
25
46
94
59
60
166
55
8
130
140
115
18
17
49
109
6
154
167
11
33
47
62
36
40
134
63
51
114
173
24
155
27
22
135
5
152
165
106
20
131
44
118
91
16
146
126
87
54
58
132
13
79
70
42
139
74
99
78
105
65
32
138
88
98
142
52
169
75
148
68
121
3
127
157
102
9
61
69
149
158
43
151
56
4
34
96
95
100
21
124
143
128
171
10
101
30
35
123
19
73
144
90
160
82
97
161
120
147
156
170
12
168
110
137
-1
EOF
