NAME : gaussian_random126.8878.tour
COMMENT : Length = 8878
COMMENT : Found by LKH [Keld Helsgaun] Sun Jul  7 17:51:58 2024
TYPE : TOUR
DIMENSION : 126
TOUR_SECTION
1
57
71
20
98
76
59
121
55
37
63
85
126
99
111
39
95
50
30
104
69
115
94
27
119
100
117
15
106
3
8
35
103
25
74
86
109
112
9
56
17
122
66
105
93
14
12
72
82
34
33
48
5
87
92
113
123
54
97
49
36
84
23
108
75
124
83
4
44
120
31
58
10
13
51
96
78
28
64
2
11
70
6
45
52
29
79
91
47
62
101
41
80
7
46
16
81
116
125
53
102
43
21
42
68
77
88
60
90
40
118
65
107
38
22
32
26
18
114
24
61
67
73
19
89
110
-1
EOF
