NAME : gaussian_random181.9447.tour
COMMENT : Length = 9447
COMMENT : Found by LKH [Keld Helsgaun] Sun Jul  7 18:05:00 2024
TYPE : TOUR
DIMENSION : 181
TOUR_SECTION
1
127
80
67
27
59
93
24
173
91
109
129
169
45
138
54
99
77
95
66
49
154
118
132
76
162
157
16
36
149
75
143
107
156
25
177
37
102
2
15
90
124
181
153
38
62
167
110
137
29
8
14
141
70
168
176
147
171
114
28
10
174
78
120
106
87
50
7
42
131
5
133
53
35
166
108
63
55
135
119
121
163
115
158
139
82
12
60
96
178
98
65
151
155
52
58
84
88
23
144
30
73
72
159
89
9
100
104
122
43
40
64
4
21
74
47
160
126
61
34
19
26
128
161
33
48
94
83
165
125
130
112
179
11
97
31
134
22
81
20
140
18
150
41
3
13
68
46
145
85
17
152
142
123
146
105
39
32
57
170
116
175
69
101
113
44
92
117
164
103
111
51
136
172
148
71
6
86
79
56
180
-1
EOF
