NAME : gaussian_random162.9776.tour
COMMENT : Length = 9776
COMMENT : Found by LKH [Keld Helsgaun] Sun Jul  7 17:59:10 2024
TYPE : TOUR
DIMENSION : 162
TOUR_SECTION
1
17
35
103
75
38
161
56
36
2
129
76
20
63
51
139
68
11
92
122
34
106
147
23
116
42
33
90
74
130
13
120
89
82
128
32
48
78
46
135
79
64
146
14
31
6
119
41
102
8
70
98
100
44
159
113
49
7
25
110
108
21
87
77
53
118
115
151
124
109
9
4
62
125
60
12
27
26
112
94
99
111
85
153
52
136
91
114
126
105
58
39
37
150
15
132
143
16
80
73
50
104
162
127
84
67
40
97
121
160
86
3
88
5
45
24
142
10
156
18
155
59
96
43
83
123
117
140
138
152
157
148
72
55
28
154
158
133
134
101
54
149
144
107
19
137
145
141
57
131
29
69
65
71
95
47
61
22
81
66
30
93
-1
EOF
