NAME : gaussian_random193.10070.tour
COMMENT : Length = 10070
COMMENT : Found by LKH [Keld Helsgaun] Sun Jul  7 18:08:18 2024
TYPE : TOUR
DIMENSION : 193
TOUR_SECTION
1
49
83
162
5
97
71
138
77
79
190
132
150
6
151
84
185
108
74
147
127
95
60
143
65
133
121
4
30
29
170
13
40
175
169
131
104
81
86
119
23
188
18
186
80
181
176
189
140
68
182
82
129
63
26
130
184
156
55
173
47
165
100
163
107
28
27
31
191
155
105
42
174
59
56
114
2
73
58
136
35
76
167
19
160
52
87
103
48
92
161
50
106
24
67
78
112
122
57
37
171
51
62
93
153
54
110
33
98
141
102
177
72
109
88
172
134
9
193
45
85
89
120
117
8
12
183
22
159
124
113
94
38
178
70
154
44
69
11
137
179
123
36
168
125
7
148
149
41
10
158
25
75
32
152
115
96
91
164
187
101
15
118
39
17
90
64
21
144
135
66
116
43
20
139
3
111
128
53
157
34
46
14
16
146
192
61
145
126
180
142
166
99
-1
EOF
