NAME : gaussian_random132.8275.tour
COMMENT : Length = 8275
COMMENT : Found by LKH [Keld Helsgaun] Sun Jul  7 17:53:00 2024
TYPE : TOUR
DIMENSION : 132
TOUR_SECTION
1
4
64
35
82
114
119
68
78
87
100
108
48
56
88
67
25
54
47
58
101
22
130
118
128
92
81
106
117
107
37
93
124
38
8
23
49
77
20
52
12
109
102
132
71
70
104
96
120
31
127
66
10
51
89
85
15
74
103
50
36
39
65
19
26
111
62
86
9
7
110
17
11
14
84
97
105
41
43
80
2
55
3
61
69
30
57
131
113
59
46
29
27
90
32
122
33
76
16
44
40
94
60
126
24
72
21
45
13
121
53
129
91
99
6
63
112
83
42
123
95
115
34
75
5
73
98
28
116
79
125
18
-1
EOF
