NAME : random185.1006.tour
COMMENT : Length = 1006
COMMENT : Found by LKH [Keld Helsgaun] Sat Nov 23 18:13:09 2024
TYPE : TOUR
DIMENSION : 185
TOUR_SECTION
1
113
152
108
155
94
177
27
78
84
15
133
21
127
123
87
118
60
40
159
79
147
110
44
120
39
8
80
182
2
89
56
46
53
76
31
161
33
10
13
35
154
126
107
144
175
63
48
121
62
36
184
38
83
185
165
95
37
156
150
129
82
18
111
5
91
52
34
93
183
23
29
88
151
170
162
25
96
32
105
92
131
4
169
166
135
163
75
70
11
164
71
85
141
143
67
14
109
119
57
7
104
172
142
30
160
49
51
99
114
138
102
97
181
103
128
22
148
116
98
59
50
176
174
54
130
168
81
158
55
106
167
112
145
24
125
43
9
134
19
68
157
137
139
20
149
122
153
86
47
26
136
132
146
140
41
72
28
171
101
77
42
58
100
178
179
73
12
90
69
61
45
65
3
117
173
115
66
6
17
16
74
124
64
180
-1
EOF
