NAME : Tnm199.tsp.3178033.tour
COMMENT : Length = 3178033
COMMENT : Found by LKH [Keld Helsgaun] Sat Jul 13 16:20:55 2024
TYPE : TOUR
DIMENSION : 199
TOUR_SECTION
1
4
7
10
13
16
19
22
25
28
31
34
37
40
43
46
49
52
55
58
61
64
67
70
73
76
79
82
85
88
91
94
97
100
103
106
109
112
115
118
121
124
127
130
133
136
139
142
145
148
151
154
157
171
160
163
166
2
5
8
11
14
17
20
23
174
177
180
183
186
189
192
26
29
32
35
38
41
44
47
50
53
56
59
62
65
68
71
74
77
80
83
86
89
92
95
98
101
104
107
110
113
116
119
122
125
128
131
134
137
140
143
146
149
152
155
158
161
164
167
3
6
169
9
12
15
18
172
175
21
24
27
30
33
36
39
42
45
48
51
54
57
60
63
66
69
72
75
78
81
84
87
90
93
178
181
184
187
190
193
196
199
198
195
197
194
191
188
185
182
179
176
96
99
102
105
108
111
114
117
120
123
126
129
132
135
138
141
144
147
150
153
156
173
170
159
162
165
168
-1
EOF
