NAME : random189.1052.tour
COMMENT : Length = 1052
COMMENT : Found by LKH [Keld Helsgaun] Sat Nov 23 22:01:49 2024
TYPE : TOUR
DIMENSION : 189
TOUR_SECTION
1
6
38
128
93
95
51
109
161
164
55
77
115
2
102
98
52
166
70
25
137
121
29
12
78
40
175
182
57
66
85
101
133
36
71
172
47
11
156
135
184
72
33
176
186
143
64
162
117
48
31
134
105
149
100
112
23
185
140
60
151
87
177
153
19
96
122
16
88
22
146
129
150
68
123
111
92
49
171
147
107
108
189
139
50
20
125
180
132
178
113
10
155
106
15
168
41
13
37
67
138
130
90
5
9
136
173
91
179
73
160
24
42
76
157
81
154
35
45
152
46
145
54
39
158
181
69
59
8
167
58
28
148
3
127
144
183
30
104
44
79
110
82
97
43
89
119
14
118
131
56
53
80
170
18
187
21
188
84
62
126
86
141
120
159
34
94
83
7
116
75
74
142
174
4
61
169
124
65
114
163
17
63
99
165
32
103
27
26
-1
EOF
