NAME : random173.990.tour
COMMENT : Length = 990
COMMENT : Found by LKH [Keld Helsgaun] Sat Nov 23 21:59:36 2024
TYPE : TOUR
DIMENSION : 173
TOUR_SECTION
1
105
95
80
110
149
58
155
134
102
148
82
16
35
91
25
76
27
92
36
34
4
31
52
171
140
8
172
170
157
17
78
84
169
14
123
43
11
115
124
118
116
41
10
55
90
60
23
113
51
32
72
48
20
65
165
15
173
46
40
166
86
160
37
142
67
151
7
150
21
161
24
145
64
162
104
70
127
111
158
167
103
100
99
122
108
59
143
125
132
136
130
68
81
168
6
147
88
54
135
141
119
26
121
12
106
85
22
120
144
87
50
33
146
133
3
74
129
9
126
61
13
57
47
128
71
69
2
83
75
19
53
138
63
79
94
101
38
114
112
66
73
159
164
29
107
28
97
62
30
163
39
44
152
77
98
49
42
96
18
153
137
5
93
117
131
109
45
89
154
156
56
139
-1
EOF
