NAME : random181.1004.tour
COMMENT : Length = 1004
COMMENT : Found by LKH [Keld Helsgaun] Sat Nov 23 22:00:33 2024
TYPE : TOUR
DIMENSION : 181
TOUR_SECTION
1
29
133
164
11
67
161
175
73
33
82
151
60
28
22
100
112
93
41
24
45
25
17
156
109
177
131
179
178
30
95
7
61
48
70
36
74
9
8
146
126
23
148
144
31
139
13
128
132
39
51
18
180
111
123
35
130
168
118
40
37
155
165
98
64
91
140
96
5
59
57
20
121
56
157
92
107
135
176
42
172
149
115
14
75
136
38
71
58
163
97
6
63
138
65
129
34
117
21
169
162
86
174
90
72
99
181
50
119
16
154
54
171
88
66
158
147
53
19
12
105
68
103
55
43
145
166
76
173
141
170
120
77
159
3
150
106
32
108
142
127
134
137
124
62
27
46
113
83
49
47
89
167
152
44
4
10
15
94
101
116
81
26
143
79
122
153
85
114
78
2
102
80
69
52
104
160
125
87
84
110
-1
EOF
