NAME : random157.965.tour
COMMENT : Length = 965
COMMENT : Found by LKH [Keld Helsgaun] Sat Nov 23 16:09:39 2024
TYPE : TOUR
DIMENSION : 157
TOUR_SECTION
1
130
61
128
79
51
19
106
125
105
7
25
13
134
56
10
115
118
87
46
97
14
131
52
41
153
29
28
100
93
132
35
72
24
65
92
85
11
147
84
20
47
59
83
16
90
108
117
116
96
114
62
146
123
154
119
127
152
98
38
89
4
32
58
121
8
86
124
44
150
17
22
69
138
111
50
139
145
2
140
18
30
135
9
63
57
5
109
143
42
33
110
133
55
34
148
48
21
37
74
126
43
129
15
156
71
102
31
103
60
39
151
27
26
136
82
6
141
73
157
36
99
45
77
78
149
70
54
104
49
94
120
107
23
76
112
88
67
66
64
80
142
91
144
113
155
75
81
101
68
12
40
122
95
3
53
137
-1
EOF
