NAME : random138.864.tour
COMMENT : Length = 864
COMMENT : Found by LKH [Keld Helsgaun] Sat Nov 23 16:05:18 2024
TYPE : TOUR
DIMENSION : 138
TOUR_SECTION
1
108
99
66
85
69
90
29
20
129
79
73
46
38
18
96
68
105
95
67
51
62
98
26
36
48
10
40
81
100
2
134
132
116
72
107
11
70
131
61
137
122
22
35
86
128
39
16
87
64
126
56
55
88
124
19
91
37
94
34
24
41
44
89
93
97
135
117
60
47
33
57
109
17
127
23
49
130
65
4
102
119
138
8
52
14
21
104
12
118
32
76
13
63
123
83
6
58
121
75
110
45
54
112
78
106
30
50
3
7
111
103
53
42
114
133
113
5
101
125
80
82
59
25
9
77
28
43
92
71
84
115
27
136
15
74
31
120
-1
EOF
