NAME : random180.1067.tour
COMMENT : Length = 1067
COMMENT : Found by LKH [Keld Helsgaun] Sat Nov 23 17:36:44 2024
TYPE : TOUR
DIMENSION : 180
TOUR_SECTION
1
62
151
4
31
174
46
12
89
140
2
138
118
176
16
123
10
54
143
107
132
53
110
77
163
116
8
122
28
137
147
57
124
30
67
112
131
17
166
58
94
150
18
164
102
149
34
130
39
113
81
11
21
155
65
59
69
82
7
9
73
76
157
25
97
20
26
169
93
108
104
13
43
129
36
167
44
133
135
136
38
74
61
175
127
51
47
24
159
98
106
179
56
41
88
72
139
23
162
109
96
49
33
14
15
125
6
160
66
87
101
35
142
99
68
161
141
84
63
79
134
115
120
70
171
78
128
158
40
42
168
121
126
156
95
29
60
144
22
45
154
3
80
90
92
55
50
5
100
111
37
64
152
172
178
85
71
91
180
119
86
19
148
146
114
103
117
165
75
153
105
27
83
145
48
52
173
177
32
170
-1
EOF
