NAME : random128.850.tour
COMMENT : Length = 850
COMMENT : Found by LKH [Keld Helsgaun] Sat Nov 23 17:24:11 2024
TYPE : TOUR
DIMENSION : 128
TOUR_SECTION
1
90
86
46
72
93
88
79
116
11
95
38
14
50
69
37
99
61
73
65
55
49
94
108
25
64
103
117
128
39
23
85
22
9
83
48
76
18
111
81
87
30
53
32
47
20
84
51
63
3
66
17
75
10
113
119
97
34
74
127
107
35
27
101
45
71
68
98
24
114
44
16
2
102
106
59
6
5
80
19
78
121
54
89
8
124
62
40
123
42
77
125
109
29
28
12
118
67
92
4
33
122
91
58
60
96
41
112
7
26
120
105
82
104
100
115
43
21
15
110
52
31
36
13
56
57
70
126
-1
EOF
