NAME : gaussian_missing_edges_with_de_nei2_nei3_random143.8245.tour
COMMENT : Length = 8245
COMMENT : Found by LKH [Keld Helsgaun] Fri Jul 12 17:19:54 2024
TYPE : TOUR
DIMENSION : 143
TOUR_SECTION
1
5
68
119
46
69
135
126
9
125
41
23
18
48
120
39
51
112
40
103
122
128
21
81
91
37
111
16
6
36
96
47
76
139
64
87
124
70
74
108
72
13
77
35
52
7
78
83
11
50
132
75
53
104
95
59
98
34
82
133
138
3
12
10
2
109
93
17
42
118
142
131
20
117
26
38
15
134
61
71
65
56
57
127
106
80
29
8
28
141
55
58
27
63
33
130
90
86
101
79
67
32
105
25
19
129
94
43
49
115
92
113
85
116
89
137
143
84
4
31
45
136
140
102
97
88
114
66
44
14
110
30
22
73
123
60
54
121
99
107
24
100
62
-1
EOF
