NAME : gaussian_missing_edges_with_de_nei2_nei3_random188.8288.tour
COMMENT : Length = 8288
COMMENT : Found by LKH [Keld Helsgaun] Fri Jul 12 17:32:15 2024
TYPE : TOUR
DIMENSION : 188
TOUR_SECTION
1
45
72
94
161
134
24
105
89
6
180
159
22
115
185
79
178
154
167
149
74
29
146
7
188
127
175
47
165
82
110
42
117
20
98
50
101
106
100
58
33
124
34
12
30
87
150
103
176
166
163
108
53
135
85
93
13
19
109
66
140
88
113
57
23
84
102
123
181
142
17
71
156
15
179
138
184
52
91
40
107
90
173
155
36
128
63
83
183
153
4
141
60
38
8
116
182
152
75
129
16
148
120
46
62
51
169
80
95
77
78
132
68
5
41
32
171
186
26
92
43
21
164
158
187
139
81
76
111
99
69
147
160
56
126
49
172
137
143
31
96
122
14
131
35
39
97
73
112
11
114
61
70
44
10
65
121
162
37
170
168
119
48
27
157
59
86
64
54
118
18
136
125
144
145
177
3
174
130
9
28
55
104
2
133
151
25
67
-1
EOF
