NAME : gaussian_missing_edges_with_de_nei2_nei3_random129.5951.tour
COMMENT : Length = 5951
COMMENT : Found by LKH [Keld Helsgaun] Fri Jul 12 17:17:05 2024
TYPE : TOUR
DIMENSION : 129
TOUR_SECTION
1
49
5
116
90
28
68
107
100
63
129
47
38
77
89
110
84
105
121
108
7
59
117
106
119
58
3
14
22
9
91
98
128
60
39
127
67
32
70
61
16
42
78
99
101
73
57
92
118
21
113
126
12
44
46
123
79
45
66
13
76
30
41
37
82
2
52
95
88
34
93
64
56
94
54
72
87
55
4
36
83
103
109
51
65
53
29
69
17
15
122
48
102
31
124
80
50
75
6
97
112
86
125
43
10
23
11
35
33
40
20
62
85
104
8
19
26
27
115
111
71
81
96
24
25
18
74
114
120
-1
EOF
