NAME : gaussian_missing_edges_with_de_nei2_nei3_random178.9002.tour
COMMENT : Length = 9002
COMMENT : Found by LKH [Keld Helsgaun] Fri Jul 12 17:29:29 2024
TYPE : TOUR
DIMENSION : 178
TOUR_SECTION
1
52
144
115
122
165
23
70
140
14
40
63
148
142
108
110
44
160
21
62
87
106
55
65
12
16
155
88
93
131
99
3
37
128
156
60
164
46
51
170
18
124
10
145
38
133
132
11
168
22
32
152
123
120
109
171
143
43
57
113
13
92
72
146
135
79
31
6
91
78
98
25
39
54
172
45
50
163
27
59
100
66
136
80
76
101
77
104
129
161
47
174
169
19
15
85
154
125
82
103
8
158
29
153
89
26
177
90
68
36
157
56
42
96
48
102
139
41
73
105
20
71
118
35
162
24
4
97
74
176
49
119
138
147
28
126
173
9
116
83
95
134
64
5
61
141
151
30
58
107
166
84
7
117
137
81
2
127
75
17
94
33
111
53
150
34
86
121
159
112
175
114
67
178
130
167
149
69
-1
EOF
