NAME : gaussian_missing_edges_with_de_nei2_nei3_random167.7215.tour
COMMENT : Length = 7215
COMMENT : Found by LKH [Keld Helsgaun] Fri Jul 12 17:25:57 2024
TYPE : TOUR
DIMENSION : 167
TOUR_SECTION
1
79
43
99
49
55
141
107
123
101
100
40
75
5
126
60
118
32
129
121
65
71
77
131
97
162
132
149
53
30
104
110
28
112
115
83
96
91
16
37
143
7
34
161
163
124
146
85
68
136
6
27
70
31
21
86
63
76
58
42
15
81
17
14
8
84
23
22
134
153
36
88
148
11
144
10
47
114
145
133
61
140
35
2
12
57
147
166
3
154
20
82
41
142
67
160
165
128
167
111
130
117
66
95
90
72
158
52
135
155
92
108
109
59
46
33
80
13
44
94
164
119
157
9
51
98
24
74
73
93
19
62
26
105
151
39
127
138
64
125
152
87
54
78
159
50
25
4
56
89
102
150
45
106
122
48
103
137
139
29
120
113
69
18
156
38
116
-1
EOF
