NAME : gaussian_missing_edges_with_de_nei2_nei3_random139.8119.tour
COMMENT : Length = 8119
COMMENT : Found by LKH [Keld Helsgaun] Fri Jul 12 17:18:57 2024
TYPE : TOUR
DIMENSION : 139
TOUR_SECTION
1
17
139
12
35
95
127
75
116
60
119
62
88
90
20
2
6
132
67
85
45
34
38
5
133
129
136
115
3
61
117
50
14
42
56
54
134
23
98
46
21
84
107
8
24
138
64
109
40
131
102
41
44
125
128
16
10
39
59
106
123
126
100
63
101
65
91
97
99
103
26
122
79
104
80
22
130
110
82
25
69
68
71
37
86
87
51
112
57
9
74
137
77
118
47
36
30
73
32
4
11
13
70
52
55
120
89
49
31
58
7
108
27
29
135
19
28
43
18
96
92
78
15
81
83
66
33
111
105
93
94
76
53
114
124
48
113
72
121
-1
EOF
