NAME : gaussian_missing_edges_with_de_nei2_nei3_random105.6175.tour
COMMENT : Length = 6175
COMMENT : Found by LKH [Keld Helsgaun] Fri Jul 12 17:13:06 2024
TYPE : TOUR
DIMENSION : 105
TOUR_SECTION
1
61
101
86
49
33
85
90
20
52
2
62
43
27
17
99
102
82
79
25
46
55
84
48
14
70
10
96
103
91
73
7
63
35
22
5
78
68
8
28
4
19
100
51
12
16
60
53
36
80
39
72
66
69
83
105
93
29
3
45
47
87
77
65
58
81
76
88
9
74
31
23
11
94
13
18
38
57
42
71
30
32
64
34
98
97
15
6
24
92
89
26
104
75
41
37
44
50
54
56
67
21
59
40
95
-1
EOF
