NAME : gaussian_missing_edges_with_de_nei2_nei3_random168.8708.tour
COMMENT : Length = 8708
COMMENT : Found by LKH [Keld Helsgaun] Fri Jul 12 17:26:16 2024
TYPE : TOUR
DIMENSION : 168
TOUR_SECTION
1
81
168
97
151
40
19
158
39
60
154
62
15
43
28
90
148
52
26
41
159
69
166
112
104
47
71
36
7
80
145
56
160
117
100
95
44
76
10
64
12
82
126
17
146
96
13
50
162
74
91
119
105
125
118
51
3
139
37
137
31
73
20
99
75
110
164
120
123
149
54
86
88
147
67
70
8
23
25
79
135
49
58
143
35
108
144
161
157
22
128
156
130
106
165
127
45
111
27
134
140
38
77
78
65
42
124
152
150
18
98
132
153
24
109
61
121
93
34
4
114
116
142
131
29
66
92
83
163
133
89
141
14
155
57
113
101
94
87
84
122
30
32
59
9
72
21
55
48
102
136
33
138
103
16
129
6
2
5
68
46
53
63
85
107
115
11
167
-1
EOF
