NAME : gaussian_missing_edges_with_de_nei2_nei3_random199.6686.tour
COMMENT : Length = 6686
COMMENT : Found by LKH [Keld Helsgaun] Fri Jul 12 17:37:11 2024
TYPE : TOUR
DIMENSION : 199
TOUR_SECTION
1
32
21
124
184
64
92
142
179
22
133
12
160
139
149
23
101
100
137
190
157
30
193
75
175
43
195
165
49
187
36
192
145
151
59
54
18
154
88
102
55
152
125
138
58
147
95
17
73
45
40
130
98
168
10
196
15
178
144
42
119
71
85
77
67
7
107
136
80
148
134
47
93
46
62
121
79
161
182
89
177
183
117
56
114
9
112
72
97
123
173
19
66
110
171
44
132
84
5
118
174
3
60
38
143
65
87
140
50
11
78
82
34
189
90
180
24
96
176
28
113
81
135
109
53
2
33
169
29
185
146
158
48
25
150
199
115
167
198
181
57
131
27
166
141
37
99
194
61
197
51
122
83
126
8
69
14
31
153
108
111
103
41
74
128
106
162
20
129
170
70
35
191
155
26
159
13
63
156
94
68
4
105
16
172
116
163
164
6
52
39
104
127
86
91
188
120
76
186
-1
EOF
