NAME : gaussian_missing_edges_with_de_nei2_nei3_random163.8539.tour
COMMENT : Length = 8539
COMMENT : Found by LKH [Keld Helsgaun] Fri Jul 12 17:24:49 2024
TYPE : TOUR
DIMENSION : 163
TOUR_SECTION
1
79
24
28
16
12
122
54
108
156
51
115
84
48
134
31
142
62
94
14
106
157
45
88
127
109
63
8
2
90
49
43
95
68
18
129
34
35
57
163
73
148
154
78
29
81
69
119
124
83
105
99
77
5
133
82
19
139
40
80
26
4
39
10
116
161
159
101
47
36
42
20
135
86
130
74
66
61
111
160
107
137
17
71
162
38
59
15
50
52
141
41
27
102
136
37
100
44
9
93
23
128
7
158
103
110
123
112
149
92
117
30
53
143
155
56
75
58
33
65
140
3
131
89
146
64
104
145
91
25
72
70
118
147
152
46
126
120
6
55
98
150
138
21
13
32
113
85
67
97
125
153
121
151
96
22
60
144
132
87
76
11
114
-1
EOF
