NAME : gaussian_missing_edges_with_de_nei2_nei3_random130.8640.tour
COMMENT : Length = 8640
COMMENT : Found by LKH [Keld Helsgaun] Fri Jul 12 17:17:17 2024
TYPE : TOUR
DIMENSION : 130
TOUR_SECTION
1
62
87
93
110
42
22
120
15
23
54
71
102
88
50
74
78
63
12
59
36
46
91
112
83
27
82
34
100
84
99
11
126
45
98
65
39
8
38
16
130
49
105
24
9
96
94
79
119
57
89
125
129
21
48
64
73
116
3
127
58
122
33
111
52
10
5
29
92
19
103
114
109
51
61
66
76
68
115
53
56
70
108
95
107
113
18
26
104
4
85
117
123
14
128
47
77
32
40
75
43
90
124
25
81
60
80
30
121
44
7
97
72
67
31
20
17
13
101
6
28
86
55
41
106
37
69
2
35
118
-1
EOF
