NAME : gaussian_missing_edges_with_de_nei2_nei3_random121.7968.tour
COMMENT : Length = 7968
COMMENT : Found by LKH [Keld Helsgaun] Fri Jul 12 17:15:22 2024
TYPE : TOUR
DIMENSION : 121
TOUR_SECTION
1
98
15
6
38
105
14
51
101
107
117
31
91
85
9
60
92
16
4
94
119
24
121
17
120
41
97
66
27
21
75
56
57
112
69
55
47
18
64
100
88
73
40
102
115
37
29
96
44
89
43
67
71
110
103
11
34
65
86
59
13
25
78
116
95
26
77
46
58
76
42
63
33
93
3
35
22
81
87
49
50
23
10
114
68
39
45
109
70
82
79
84
72
62
74
111
12
52
19
53
61
32
28
36
5
83
48
113
118
2
20
106
30
108
80
7
8
90
54
104
99
-1
EOF
