NAME : gaussian_missing_edges_with_de_nei2_nei3_random196.9906.tour
COMMENT : Length = 9906
COMMENT : Found by LKH [Keld Helsgaun] Fri Jul 12 17:35:50 2024
TYPE : TOUR
DIMENSION : 196
TOUR_SECTION
1
67
139
118
8
172
69
75
35
196
91
58
97
138
133
52
159
187
151
183
42
174
120
102
132
175
170
194
124
71
77
48
142
136
181
186
73
164
68
13
25
36
15
32
104
93
134
100
128
18
64
169
88
182
29
30
17
162
147
171
135
163
193
108
34
179
53
191
87
79
122
66
4
129
12
137
51
90
26
144
49
2
176
152
141
148
82
188
166
11
114
96
74
98
185
84
145
112
113
153
81
37
161
154
50
158
22
43
65
62
21
155
150
40
143
95
9
109
57
168
24
130
16
195
115
127
20
156
83
19
123
10
28
46
111
39
27
180
85
119
140
184
59
78
178
76
157
63
192
110
44
23
31
6
149
189
105
101
121
5
3
45
54
7
116
38
146
167
117
56
41
99
80
165
125
106
190
61
126
92
177
103
173
70
55
86
131
60
47
94
72
89
107
33
14
160
-1
EOF
