NAME : gaussian_missing_edges_with_de_nei2_nei3_random166.6312.tour
COMMENT : Length = 6312
COMMENT : Found by LKH [Keld Helsgaun] Fri Jul 12 17:25:47 2024
TYPE : TOUR
DIMENSION : 166
TOUR_SECTION
1
47
84
75
81
93
16
100
114
133
149
120
97
79
139
147
107
60
127
136
163
135
64
32
83
118
66
62
63
160
95
77
61
161
51
99
109
8
37
117
19
142
9
5
71
3
148
87
144
29
157
74
86
39
52
38
166
14
153
11
137
106
102
131
27
35
21
23
119
91
70
132
121
40
89
154
80
126
65
141
36
46
7
68
25
58
30
10
2
130
78
96
28
31
128
145
156
151
56
138
165
90
69
54
155
146
122
15
18
20
34
98
113
115
50
110
67
17
92
140
123
53
22
150
125
112
26
72
88
76
134
43
49
129
59
124
57
104
159
143
111
82
94
101
13
103
164
12
48
108
116
105
4
33
45
85
41
73
24
152
42
6
162
55
44
158
-1
EOF
