NAME : gaussian_missing_edges_with_de_nei2_nei3_random141.8287.tour
COMMENT : Length = 8287
COMMENT : Found by LKH [Keld Helsgaun] Fri Jul 12 17:19:35 2024
TYPE : TOUR
DIMENSION : 141
TOUR_SECTION
1
29
90
127
26
42
135
77
78
110
65
14
108
81
113
59
89
15
96
8
117
114
136
49
107
121
20
134
94
34
55
82
91
9
24
122
106
71
23
22
32
70
126
21
18
75
98
141
64
109
35
69
3
39
118
99
115
74
104
105
19
4
83
53
140
124
116
13
120
131
36
84
93
30
138
62
61
125
28
7
51
132
38
101
57
95
43
27
48
80
102
79
16
123
72
103
119
87
86
85
88
45
11
44
6
54
66
10
25
139
33
31
67
92
76
128
100
133
50
40
60
129
37
52
112
58
47
12
56
97
137
63
41
46
5
17
68
111
2
130
73
-1
EOF
