NAME : gaussian_missing_edges_with_de_nei2_nei3_random110.4930.tour
COMMENT : Length = 4930
COMMENT : Found by LKH [Keld Helsgaun] Fri Jul 12 17:13:49 2024
TYPE : TOUR
DIMENSION : 110
TOUR_SECTION
1
27
41
16
65
107
52
72
91
9
104
88
4
53
101
106
109
17
36
35
10
79
99
19
85
40
64
76
62
102
30
77
105
22
89
87
6
29
58
39
95
7
96
25
68
73
47
108
46
54
28
13
70
2
37
26
110
32
98
55
84
31
66
60
15
49
42
86
92
45
24
83
18
100
75
5
51
94
57
38
90
56
44
97
61
8
74
93
50
81
23
34
103
11
63
80
21
20
82
71
33
48
43
69
14
59
3
12
78
67
-1
EOF
