NAME : gaussian_missing_edges_with_de_nei2_nei3_random154.8755.tour
COMMENT : Length = 8755
COMMENT : Found by LKH [Keld Helsgaun] Fri Jul 12 17:22:20 2024
TYPE : TOUR
DIMENSION : 154
TOUR_SECTION
1
105
134
73
122
6
125
124
58
94
68
102
103
144
48
2
89
70
141
20
24
88
10
81
79
54
106
113
26
87
116
117
150
147
146
152
82
135
149
33
112
148
76
84
30
142
38
83
25
49
104
137
120
52
97
62
130
110
154
115
56
101
132
98
5
17
119
71
51
21
55
91
43
13
123
99
139
127
42
46
138
78
67
92
31
100
39
93
16
108
140
29
8
11
12
53
22
143
34
133
80
95
28
37
107
45
85
59
44
41
151
131
86
60
118
69
66
61
64
109
15
121
57
126
40
153
72
35
32
27
96
75
7
47
90
63
111
74
145
14
18
65
50
4
114
77
3
36
136
128
19
23
9
129
-1
EOF
