NAME : gaussian_missing_edges_with_de_nei2_nei3_random113.7361.tour
COMMENT : Length = 7361
COMMENT : Found by LKH [Keld Helsgaun] Fri Jul 12 17:14:20 2024
TYPE : TOUR
DIMENSION : 113
TOUR_SECTION
1
17
50
67
91
77
14
73
97
113
2
48
32
7
80
26
49
34
10
39
24
64
40
27
105
56
86
87
104
43
61
53
96
29
41
95
78
65
60
71
35
108
19
76
89
107
30
82
12
46
92
36
74
4
94
103
8
18
98
20
45
25
110
28
42
37
111
75
90
38
6
106
58
112
93
44
52
33
100
85
109
5
55
63
57
70
59
83
22
31
21
68
72
11
101
81
16
102
23
3
9
47
88
79
66
15
99
51
62
84
69
13
54
-1
EOF
