NAME : gaussian_missing_edges_with_de_nei2_nei3_random195.10702.tour
COMMENT : Length = 10702
COMMENT : Found by LKH [Keld Helsgaun] Fri Jul 12 17:35:38 2024
TYPE : TOUR
DIMENSION : 195
TOUR_SECTION
1
71
97
146
19
81
55
5
25
170
12
60
182
8
195
142
162
50
177
136
39
16
57
171
85
87
44
105
67
100
48
7
10
83
183
40
149
126
92
51
42
21
47
130
127
179
128
133
174
6
106
194
58
111
115
147
158
186
145
38
112
150
22
75
99
26
30
168
98
108
143
121
28
120
32
18
36
70
17
129
189
76
90
118
46
56
181
154
86
89
88
116
161
27
65
163
37
190
141
69
104
180
131
2
144
78
54
178
79
93
110
151
13
137
24
113
20
52
148
15
14
122
4
91
62
33
157
11
135
80
53
64
74
107
63
23
35
34
49
165
73
155
184
153
175
138
191
102
31
109
45
169
103
9
172
96
72
117
132
41
152
185
193
123
68
59
139
84
29
77
125
95
61
164
192
3
124
43
159
140
134
119
166
82
176
114
188
66
156
167
160
101
173
94
187
-1
EOF
