NAME : gaussian_missing_edges_with_de_nei2_nei3_random106.7411.tour
COMMENT : Length = 7411
COMMENT : Found by LKH [Keld Helsgaun] Fri Jul 12 17:13:09 2024
TYPE : TOUR
DIMENSION : 106
TOUR_SECTION
1
34
61
100
5
38
28
78
104
22
82
40
105
32
29
48
54
21
91
56
102
39
24
96
17
47
27
75
45
106
4
3
18
6
79
66
70
19
74
62
15
73
49
63
33
23
72
12
52
81
55
11
80
88
16
84
67
36
44
103
65
92
35
86
64
46
58
50
90
10
85
25
95
68
97
31
41
87
53
43
13
2
9
76
42
94
60
26
101
37
8
57
69
77
83
30
20
93
14
89
99
98
7
71
59
51
-1
EOF
