NAME : gaussian_missing_edges_with_de_nei2_nei3_random147.8623.tour
COMMENT : Length = 8623
COMMENT : Found by LKH [Keld Helsgaun] Fri Jul 12 17:20:48 2024
TYPE : TOUR
DIMENSION : 147
TOUR_SECTION
1
23
73
67
107
57
49
84
13
125
80
119
41
132
12
95
7
118
64
85
145
5
137
10
126
65
129
106
43
16
130
33
79
91
62
56
144
28
45
87
89
52
140
15
121
105
75
69
9
104
27
72
76
47
98
19
71
101
26
21
54
146
92
35
58
39
24
32
103
114
97
102
25
8
131
66
77
134
133
116
138
86
136
83
4
51
38
17
96
46
3
31
90
120
50
109
123
18
124
34
143
14
135
20
37
111
127
100
113
36
108
74
147
40
63
112
55
81
128
68
48
53
60
122
70
139
94
78
115
99
141
61
110
11
6
59
117
22
29
44
142
88
82
30
2
42
93
-1
EOF
