NAME : gaussian_missing_edges_with_de_nei2_nei3_random108.8125.tour
COMMENT : Length = 8125
COMMENT : Found by LKH [Keld Helsgaun] Fri Jul 12 17:13:22 2024
TYPE : TOUR
DIMENSION : 108
TOUR_SECTION
1
39
43
99
32
96
7
29
71
27
46
100
92
51
72
89
52
64
34
50
62
47
33
3
10
88
16
76
54
57
44
84
63
9
58
55
40
79
80
30
4
70
65
28
106
6
20
83
53
41
15
105
12
68
94
24
14
2
90
86
49
98
31
48
97
85
67
101
102
87
56
82
26
22
21
93
77
38
91
5
104
81
75
45
59
78
8
42
11
17
73
107
35
66
108
95
36
23
60
13
69
25
37
74
19
18
61
103
-1
EOF
