NAME : gaussian_missing_edges_with_de_nei2_nei3_random150.8782.tour
COMMENT : Length = 8782
COMMENT : Found by LKH [Keld Helsgaun] Fri Jul 12 17:21:37 2024
TYPE : TOUR
DIMENSION : 150
TOUR_SECTION
1
21
16
140
104
57
20
128
27
75
56
107
60
40
109
35
30
68
90
130
78
135
9
71
62
28
148
50
15
147
47
5
66
86
46
89
95
99
79
136
143
97
146
131
41
11
2
44
144
102
113
58
108
23
134
87
139
34
96
85
39
124
45
127
37
25
54
55
149
61
59
137
32
126
141
123
33
70
3
150
72
101
76
29
142
53
92
116
112
133
52
88
6
100
42
129
118
138
13
64
94
65
110
26
74
10
77
17
69
73
51
12
145
114
24
36
91
14
103
22
117
83
38
49
105
31
84
111
122
4
80
120
98
93
18
7
8
115
43
82
48
106
132
119
63
121
67
19
125
81
-1
EOF
