NAME : gaussian_missing_edges_with_de_nei2_nei3_random169.9348.tour
COMMENT : Length = 9348
COMMENT : Found by LKH [Keld Helsgaun] Fri Jul 12 17:26:32 2024
TYPE : TOUR
DIMENSION : 169
TOUR_SECTION
1
21
6
155
61
48
123
11
70
163
50
154
86
122
131
33
104
127
34
99
43
64
37
156
85
67
150
9
49
55
38
83
115
140
24
160
139
97
120
66
58
165
69
62
51
164
8
12
89
77
111
15
116
146
59
78
167
41
35
5
138
29
151
108
95
126
14
145
107
72
93
169
27
18
30
22
23
87
36
125
39
152
142
128
10
3
159
114
162
168
28
143
54
153
96
80
161
4
103
56
135
105
113
94
46
19
2
157
84
88
79
147
132
117
53
26
119
141
100
144
63
109
57
91
134
133
25
136
158
73
65
81
124
40
17
92
149
71
148
42
101
52
118
74
7
75
32
112
166
98
13
45
68
102
82
106
129
121
130
110
76
20
44
31
90
60
47
16
137
-1
EOF
