NAME : gaussian_missing_edges_with_de_nei2_nei3_random127.8156.tour
COMMENT : Length = 8156
COMMENT : Found by LKH [Keld Helsgaun] Fri Jul 12 17:16:53 2024
TYPE : TOUR
DIMENSION : 127
TOUR_SECTION
1
22
7
61
101
70
41
120
35
98
93
118
111
17
72
4
117
126
91
13
19
76
37
63
105
104
109
100
31
44
46
119
11
58
48
121
80
87
47
67
40
43
3
62
65
83
125
96
94
114
21
15
24
9
23
106
122
115
73
127
53
75
25
124
77
38
49
30
18
68
20
26
66
103
102
57
90
5
81
86
56
16
89
64
59
74
28
107
95
39
113
8
110
79
69
54
82
51
2
99
85
60
12
29
33
112
97
88
71
92
14
27
10
42
6
116
78
45
36
55
123
50
34
84
32
108
52
-1
EOF
