NAME : gaussian_missing_edges_with_de_nei2_nei3_random142.8881.tour
COMMENT : Length = 8881
COMMENT : Found by LKH [Keld Helsgaun] Fri Jul 12 17:19:48 2024
TYPE : TOUR
DIMENSION : 142
TOUR_SECTION
1
24
54
126
84
115
123
12
71
61
89
44
73
8
2
113
32
81
50
72
65
14
104
75
49
125
109
13
83
116
79
67
97
7
37
25
117
59
91
82
118
96
78
80
42
4
46
70
36
100
52
139
56
63
86
105
31
92
23
66
9
58
27
95
57
19
10
87
110
5
99
103
136
62
43
90
85
33
102
112
106
88
68
94
11
55
45
51
39
98
120
6
134
142
17
16
119
26
22
111
129
48
38
29
74
108
122
30
21
93
141
135
101
34
132
40
60
127
47
76
121
77
131
138
41
130
64
107
133
140
137
15
28
128
18
124
20
3
69
35
114
53
-1
EOF
