NAME : gaussian_missing_edges_with_de_nei2_nei3_random123.8706.tour
COMMENT : Length = 8706
COMMENT : Found by LKH [Keld Helsgaun] Fri Jul 12 17:15:36 2024
TYPE : TOUR
DIMENSION : 123
TOUR_SECTION
1
50
101
69
40
68
87
86
123
23
71
49
107
48
42
33
22
102
114
82
59
108
120
90
73
16
2
13
21
32
99
70
93
5
45
106
117
75
11
28
65
95
18
19
61
39
85
63
29
4
26
76
83
17
47
92
3
115
8
103
41
78
12
20
15
38
36
34
44
116
55
74
104
56
25
88
96
7
89
57
119
58
109
100
94
66
24
113
112
31
35
111
9
62
105
84
30
53
27
80
10
60
77
67
46
52
98
122
121
118
97
91
72
37
110
64
43
14
6
81
51
79
54
-1
EOF
