NAME : gaussian_missing_edges_with_de_nei2_nei3_random109.6132.tour
COMMENT : Length = 6132
COMMENT : Found by LKH [Keld Helsgaun] Fri Jul 12 17:13:32 2024
TYPE : TOUR
DIMENSION : 109
TOUR_SECTION
1
52
84
27
18
32
82
61
7
42
78
97
2
85
68
14
72
95
54
88
91
81
87
26
69
75
79
50
23
74
101
43
25
48
63
34
90
30
35
55
31
40
8
57
71
5
12
51
39
47
16
93
33
3
94
20
19
10
4
64
15
107
104
66
56
9
89
92
45
36
46
98
22
11
96
13
102
59
105
44
108
49
106
53
29
37
28
109
77
70
38
103
60
58
21
65
41
100
83
17
86
62
76
6
24
99
80
67
73
-1
EOF
