NAME : gaussian_missing_edges_with_de_nei2_nei3_random175.9986.tour
COMMENT : Length = 9986
COMMENT : Found by LKH [Keld Helsgaun] Fri Jul 12 17:28:40 2024
TYPE : TOUR
DIMENSION : 175
TOUR_SECTION
1
89
72
171
96
145
71
26
36
138
62
160
134
154
119
102
52
118
107
99
18
117
46
106
69
68
57
24
74
114
70
156
88
63
168
41
169
158
108
101
81
25
73
66
27
9
15
133
49
170
141
6
48
30
78
172
59
10
42
103
58
85
83
90
104
34
115
120
173
153
67
161
31
84
50
140
128
137
22
112
21
125
17
60
80
123
129
35
13
131
148
29
93
4
155
92
122
12
150
8
144
163
143
79
2
51
20
75
167
152
23
38
159
164
44
61
55
162
11
124
37
175
56
127
82
165
157
77
110
113
43
7
39
174
121
100
32
33
146
76
64
5
28
91
116
135
98
16
105
95
47
14
19
65
109
130
40
132
45
166
139
54
149
87
53
111
97
151
86
136
142
126
147
3
94
-1
EOF
