NAME : gaussian_missing_edges_with_de_nei2_nei3_random155.8892.tour
COMMENT : Length = 8892
COMMENT : Found by LKH [Keld Helsgaun] Fri Jul 12 17:22:28 2024
TYPE : TOUR
DIMENSION : 155
TOUR_SECTION
1
63
7
80
32
29
43
118
48
85
6
133
92
55
113
27
119
19
106
155
104
72
66
94
101
69
93
25
40
47
64
108
73
144
68
81
132
74
135
14
51
91
30
76
128
138
142
82
44
78
137
147
3
49
154
58
23
111
143
96
84
131
57
95
45
4
16
126
8
20
100
28
11
12
107
152
83
17
70
105
99
149
54
56
34
9
146
114
124
102
36
33
129
127
122
77
61
130
31
10
79
42
110
87
139
5
53
153
112
18
115
41
148
86
60
37
38
117
22
90
151
13
2
71
52
120
98
26
89
15
141
140
35
65
46
125
97
39
121
109
50
134
75
145
67
123
21
62
24
88
59
116
150
136
103
-1
EOF
