NAME : gaussian_missing_edges_with_de_nei2_nei3_random180.9856.tour
COMMENT : Length = 9856
COMMENT : Found by LKH [Keld Helsgaun] Fri Jul 12 17:29:55 2024
TYPE : TOUR
DIMENSION : 180
TOUR_SECTION
1
61
107
134
91
77
98
16
76
137
50
8
63
80
108
51
30
93
22
5
153
171
64
41
25
143
10
53
164
169
140
55
131
21
113
31
32
163
4
26
60
45
6
38
158
125
118
126
90
154
20
109
142
23
177
102
46
86
68
135
105
84
34
119
42
133
73
96
160
146
168
43
166
47
162
18
39
57
82
97
85
175
94
150
106
122
132
2
176
59
58
17
104
95
56
44
155
101
99
136
70
179
129
14
67
115
152
173
13
174
36
111
121
49
100
149
7
147
145
3
124
116
130
156
11
79
72
89
28
69
75
87
180
35
92
15
151
139
128
138
117
148
12
170
103
65
54
178
159
71
29
110
74
167
33
165
78
161
40
127
27
62
114
48
144
19
9
37
157
81
112
88
120
123
66
83
141
52
24
172
-1
EOF
