NAME : gaussian_missing_edges_with_de_nei2_nei3_random157.9326.tour
COMMENT : Length = 9326
COMMENT : Found by LKH [Keld Helsgaun] Fri Jul 12 17:22:52 2024
TYPE : TOUR
DIMENSION : 157
TOUR_SECTION
1
121
109
12
60
22
11
14
64
6
94
145
4
95
7
146
83
132
117
35
157
89
111
50
52
122
45
144
26
54
10
41
93
104
44
3
24
8
58
48
113
127
39
101
120
141
63
80
148
118
130
78
53
105
156
154
71
15
77
100
76
143
55
107
149
66
68
129
62
136
137
19
110
61
142
34
155
99
140
31
56
138
96
43
119
5
116
114
13
128
69
25
135
85
131
103
81
51
112
42
106
108
125
90
70
115
40
79
37
46
16
124
86
57
2
84
33
123
30
82
133
75
147
47
17
49
134
18
38
151
27
21
150
36
20
9
97
23
98
72
88
87
32
65
91
59
152
92
74
28
29
73
102
67
139
126
153
-1
EOF
